i7-4770-nada 4
VMs: 4

cores: 1
Hilo 0:51164 51806 51122 51161 51636 51269 51300 51307 51620 51083 51164 51053 51283 51257 51048 51144 51612 51600 52891 51322 51115 51164 51869 51393

cores: 2
Hilo 0:52060 51524 51266 51699 51761 51855 51653 52073 51995 52370 51684 51476 51664 51354 51518 51764 52136 51731 51745 51762 53483 52162 52112 52721
Hilo 1:51245 51189 51152 51231 51044 51262 51262 51341 51465 51215 51216 51245 51306 51132 51048 51221 51060 51340 51215 51278 52604 51388 51153 51305

cores: 3
Hilo 0:51149 51089 51294 51202 52820 51310 51394 51299 51387 51496 51275 51182 51372 51215 51481 51458 52080 61590 51481 51127 51104 51295 59496 51387
Hilo 1:51227 51417 51418 51220 52950 51302 51180 51324 51231 51434 51445 51371 51340 51185 51480 51434 51434 51356 51372 51377 51385 54537 59250 51402
Hilo 2:52612 52326 51762 52727 51539 52675 51962 51630 52105 52011 52301 52044 52120 52089 52120 51365 61737 51730 51975 52033 52273 54087 51967 51695

cores: 4
Hilo 0:51229 51590 51481 51652 51590 52230 102151 51699 51792 51481 51465 51606 51636 51606 51402 51637 51512 51480 51544 51465 51761 51840 51777 51427
Hilo 1:51300 51426 51293 51465 51481 51434 102930 51512 51325 51371 51387 51496 51699 51387 51403 94116 51450 51340 51402 51372 51434 51387 51299 51155
Hilo 2:51509 51466 51465 51356 51527 51434 51200 51387 51434 51402 51387 51434 51496 52058 51590 51434 51262 51200 51418 51450 51481 51402 51481 51481
Hilo 3:51999 52052 52354 51933 52245 51746 52292 52339 51839 51777 51403 51933 52027 52120 52682 51699 93710 51777 52573 54367 51995 51808 53088 52052

VM results:
