e7600 2
VMs: 1

cores: 1
Hilo 0:75599 75599 74551 74561 74550 74572 74557 74562 74558 74559 74556 74554 74554 74562 74564 74562 74560 74566 74561 74565 74562 74574 74563 74563

cores: 2
Hilo 0:75521 75544 75622 75625 75601 75691 75657 75710 75685 75682 75662 75753 75707 75682 75687 75672 75629 75642 75658 75689 75685 75708 75671 75631
Hilo 1:75628 75692 75547 75541 75588 75574 75519 75527 75532 75530 75544 75679 75541 75584 75509 75508 75513 75567 75513 75526 75562 75615 75996 75486

VM results:
