i5-660 4
VMs: 1

cores: 1
Hilo 0:62244 62408 53308 53220 53245 53264 53274 53185 53338 53298 53263 53354 53504 53497 53578 53523 53396 53866 53435 53488 53449 53417 53329 53451

cores: 2
Hilo 0:74675 75115 72751 72892 73540 76946 73528 74352 74685 74744 74595 73266 74913 73505 75160 75604 77910 73825 74032 73658 72468 76407 75804 72880
Hilo 1:73794 74757 75475 74803 73569 71534 76006 75349 75594 75069 73029 75635 72884 74695 75391 73387 72248 74335 73131 72503 75323 77202 75651 74934

cores: 3
Hilo 0:93335 93366 93708 93847 94080 93709 93702 94214 94303 94295 94076 94147 93863 94229 94125 93993 93790 93735 93753 93710 93354 93336 93348 92823
Hilo 1:93646 93666 93581 93864 93824 93302 93276 93285 93711 93761 93305 93353 93295 93604 93836 94014 93639 93966 94135 93781 93667 93666 93740 93984
Hilo 2:94551 94706 94415 93095 94132 94143 94282 93720 93290 93240 93762 93943 94291 93707 93781 93263 94278 94367 94059 94249 94422 94342 94089 90799

cores: 4
Hilo 0:140578 94059 123134 94234 94109 153608 123434 94278 94204 94450 94693 94743 94679 94362 94173 94450 94337 94300 93773 93815 93813 93813 93831 93909
Hilo 1:94435 116513 130314 93832 97200 132346 93421 93849 93802 93688 93827 93805 93848 105219 93650 94074 94386 94364 93858 94122 94011 108405 94033 94362
Hilo 2:163562 129110 115095 94337 94052 93808 93905 93799 93771 93818 93733 93799 93730 186096 93847 93788 117274 123750 94341 108407 94245 108235 87387 75115
Hilo 3:93753 117991 122764 97361 93944 96672 144353 94338 94418 94515 94350 94375 106166 186129 94027 93895 118061 123881 94348 109129 122985 94395 82417 71134

VM results:
