i7-4770 8
VMs: 4

cores: 1
Hilo 0:59217 61840 59876 58361 59284 59405 59242 60209 58647 59930 59775 59048 59390 59774 60164 59096 58341 60185 58480 59370 58533 59130 59448 58116

cores: 2
Hilo 0:64476 64682 64631 64703 65108 64605 63776 63066 63742 64023 64417 64659 64807 64342 64886 65216 64581 65691 65168 64993 65446 64700 64079 64260
Hilo 1:65630 65056 64936 64733 63531 64561 64143 64491 64555 64966 63982 64344 64277 64932 64846 64835 65049 65173 65135 64613 63880 62914 63662 62938

cores: 3
Hilo 0:68746 68917 68943 68588 68740 68842 69272 68609 68700 68542 69092 68661 69187 69021 68666 68704 68393 68417 68956 69026 68643 68811 68718 68085
Hilo 1:68762 68103 68433 68744 68779 68973 68651 68705 68587 68555 68481 69000 68560 68664 68491 68672 68342 68544 68927 68807 68624 68531 68317 68733
Hilo 2:68374 68417 68535 68767 69265 68712 68452 68395 68598 68671 68592 68552 68621 68350 68514 68493 68745 68689 68348 68436 68596 68514 68488 68584

cores: 4
Hilo 0:72850 72885 72886 72834 72837 72901 72973 72875 73124 73099 73030 72990 72901 73115 72936 73193 73096 72885 72955 72945 72994 72903 72929 72950
Hilo 1:73090 72854 72991 73329 73050 73117 73178 72975 73063 73123 73111 73441 74085 74908 73005 73243 74423 73247 74098 75903 73115 73018 72877 71036
Hilo 2:73534 73210 72938 72890 72984 73130 73059 73015 73016 73064 73275 73531 72859 72965 73111 73138 72867 72963 73425 72782 73010 72937 72860 72692
Hilo 3:73116 73144 73024 72984 72921 73082 74236 72471 72200 73074 73124 72854 72908 72890 73145 72918 73035 72832 72719 74492 73033 72983 72963 72864

cores: 5
Hilo 0:72869 72825 72864 72939 72792 72855 72917 72983 72884 76668 72903 72925 72967 72934 72932 77640 73055 73301 72962 72979 108944 72864 82175 69203
Hilo 1:73033 72862 72826 72822 72912 72988 73205 72928 72989 72778 72898 72834 73128 80542 72816 72844 72999 72903 73322 75892 74940 74592 82069 72872
Hilo 2:72910 73142 73005 72940 72953 73065 72939 72840 72868 72801 72814 72882 72806 76070 72794 72814 72957 72843 72792 72802 79079 74989 72840 84168
Hilo 3:73935 74052 74136 73396 73796 73799 73846 73582 73619 74000 73588 73676 73702 79799 79771 73667 73818 74079 73864 73551 105918 73759 73589 74671
Hilo 4:72977 73043 72876 73203 72956 72920 72879 72886 72969 76832 73146 73140 72963 76108 77664 78990 72981 72965 73034 73100 72857 72876 72898 72871

cores: 6
Hilo 0:73068 73088 73000 73426 73392 73167 73203 75345 73281 73139 145753 107077 72959 73095 73073 73071 73070 122409 72909 73126 73536 112834 69747 68191
Hilo 1:72940 72923 73584 73768 72909 73002 73024 73042 76414 73858 73140 73157 73069 72969 72947 72870 72837 72911 89451 73040 73075 72938 72954 72971
Hilo 2:73016 73042 145549 72851 145921 72971 73036 72979 141048 77563 73204 73044 72826 72994 72849 72847 72786 142040 72876 73127 85788 68721 66664 64453
Hilo 3:73981 72953 72878 73173 73355 73059 72915 78203 72963 114530 73024 73057 88301 73291 73073 73024 73149 72886 72793 73161 73068 73113 73140 72956
Hilo 4:72903 72937 72913 72870 73095 72873 72979 73053 73200 72977 73038 72816 72900 76138 72962 72883 73193 72933 142541 72876 72747 73051 73195 72989
Hilo 5:72885 72944 145558 72963 145961 72965 73026 109353 79265 95408 72923 72939 72905 72990 72945 72942 72877 145871 72853 99166 71966 68662 66230 62578

cores: 7
Hilo 0:73140 74875 73794 74000 74056 73903 74115 73708 74080 73824 73858 74149 74002 73831 73806 73933 74139 74945 75272 76184 78279 75956 74429 76463
Hilo 1:74943 73141 109264 73221 73031 100964 72955 73035 100754 73198 73175 73121 73136 73121 73086 73256 73462 73121 73009 73116 73101 72917 141974 73180
Hilo 2:145754 73107 108571 73051 118405 73020 87339 92045 73099 127469 73051 76050 73024 110484 73041 72892 73131 73036 73113 73158 73357 73249 79064 68447
Hilo 3:72828 72908 72798 72961 145869 72853 145910 72855 72869 72820 73121 72948 72870 79299 72900 73128 72879 72935 72899 72936 72966 72850 145562 83565
Hilo 4:145744 72949 72979 145769 72959 145829 72930 73017 72856 121354 72933 72880 72879 72894 145041 72751 72857 72876 72853 72606 125186 72763 63288 58117
Hilo 5:73086 72977 109439 73820 73156 72910 90356 102348 73072 73010 73095 72854 73055 73144 126599 99997 73057 73107 73051 73113 73084 141949 72907 78110
Hilo 6:72983 72895 74066 108716 72958 72928 72919 72843 96952 72935 72862 78571 72855 72876 126267 72941 145710 72952 72848 72969 73112 93365 73098 72867

cores: 8
Hilo 0:73031 72894 109321 72905 72869 81952 72780 81190 72942 72877 75587 72857 76087 72943 72938 85191 72898 78023 73452 72904 72864 72888 72865 72800
Hilo 1:109550 73598 74075 74137 74299 73860 73864 73795 73915 73876 73977 73913 74185 74440 73974 74010 74155 73974 73688 73792 74301 73684 73822 73771
Hilo 2:74211 73003 73211 73092 72998 73109 73144 73252 73263 73081 73146 73153 73081 73110 73113 73124 73127 73132 73083 77915 73154 73150 73066 73047
Hilo 3:73226 72998 145992 73075 73094 72985 72946 73090 73048 74179 98195 87393 73121 73182 72941 83293 80228 73072 73110 73022 72945 72957 73025 72916
Hilo 4:72937 73009 72900 72948 90715 72895 146087 72876 72910 72950 121868 73172 72976 72893 72839 73356 74968 72840 72897 72961 72893 72885 72991 72309
Hilo 5:145768 72994 109730 72866 72917 72986 72879 81385 72858 72879 120308 72960 72983 72868 72919 72980 72892 72899 72840 72953 72823 72876 73028 69713
Hilo 6:145774 72849 108748 73054 72976 137059 73136 73111 98367 87390 73170 73172 73134 72945 74839 73161 73103 73064 73138 73150 73180 72835 72237 59433
Hilo 7:109667 73169 73057 90943 73119 73155 72944 72922 73046 73046 75970 76230 73094 73270 73138 73077 91663 78383 72970 73131 73160 73025 73086 73132

VM results:
