i7-4770 8
VMs: 1

cores: 1
Hilo 0:51496 51614 51710 51734 51713 51595 51673 51688 51650 51648 51676 51688 51787 51958 51853 51707 51765 51708 51597 51757 51656 51635 51709 51841

cores: 2
Hilo 0:51967 51978 51960 51992 51915 51965 51964 51912 51788 51891 51936 51886 51918 51943 51849 51948 51873 51970 51877 52324 52061 51851 51985 51844
Hilo 1:51998 52088 51981 51950 51951 51978 51934 51911 51837 51954 51948 51912 51925 51995 51864 51949 51927 51915 51881 52402 52158 51828 51958 51841

cores: 3
Hilo 0:51852 51848 51474 51584 51607 51551 51498 51506 51648 53221 52828 53888 53491 52694 53051 53346 53247 53758 52598 53425 51409 51212 51358 51610
Hilo 1:51850 52055 51713 51571 51694 51578 51603 51521 51593 53141 53033 52231 52936 53693 53441 54220 53720 53848 52498 53108 51316 51292 51396 51426
Hilo 2:52016 52128 51764 51671 51534 51410 51506 51499 51727 53259 55668 52383 53186 53418 54185 52689 53507 53060 54771 52885 51377 51288 51482 51506

cores: 4
Hilo 0:60066 58747 60064 59376 58891 57460 59245 57569 57355 58925 58721 60021 58656 56557 57729 57352 58017 61658 59207 58922 59865 62441 59666 51624
Hilo 1:58252 58729 58302 60988 59199 58943 60302 62420 59930 60683 59651 60644 61180 60010 59938 59908 59566 57558 59976 61578 57844 59864 58412 51619
Hilo 2:59498 58395 57829 57971 56670 58807 56473 55107 58059 55878 56844 55250 55256 56445 56073 57446 58600 56263 55612 55208 56875 56224 57726 56767
Hilo 3:57471 58349 57747 55473 59040 59115 61240 60227 61599 59643 59564 62567 62116 62272 62735 60839 59978 61456 60891 58500 62187 59652 56433 51646

cores: 5
Hilo 0:63687 64451 63904 65109 65850 63566 63983 62301 63251 64452 64388 63032 63416 66419 64789 63177 63917 63465 64221 64069 64661 63730 66055 62216
Hilo 1:64064 63734 65104 62900 63528 64217 64033 64055 64718 64720 63018 63281 65621 65086 63482 64425 64205 65560 65308 63820 64206 64569 63949 61949
Hilo 2:63506 63560 61995 64263 62091 64277 62576 64298 64194 62255 63336 65354 64518 63334 64300 62576 63713 65186 64168 64176 64337 63170 65024 63256
Hilo 3:63953 64045 64757 64154 64837 62571 63505 63337 63625 62299 63560 64373 63375 61837 62662 64686 63135 63012 62753 65392 64592 64195 62480 64165
Hilo 4:64258 64159 63221 64677 63063 66522 64966 65816 63529 64867 66164 63405 64474 64553 66462 64857 64980 63473 65370 62724 63308 63772 63996 60744

cores: 6
Hilo 0:68215 67648 68613 68538 68804 68908 68504 68861 69119 69217 68918 68029 68865 68669 68909 68314 68153 68787 68526 68817 67921 68861 68392 67682
Hilo 1:68543 69132 68502 68897 68811 68262 68535 68249 68550 68307 68326 68651 68733 68945 68670 69015 68813 68693 68468 68747 68781 68920 68496 68004
Hilo 2:68854 68912 67735 68589 68402 67742 68309 68574 68741 68079 68586 68871 68092 68759 68461 68169 68703 68801 68955 68591 68520 68928 68367 68457
Hilo 3:68432 69257 69133 68833 69030 69362 68858 69012 68907 68863 68422 68605 68837 68745 68492 68898 68853 68380 68423 68768 68873 68428 68626 67253
Hilo 4:68766 67914 68595 68390 68500 68863 68501 68392 68121 68380 68761 68378 68524 68737 68555 68035 68695 68778 68967 68460 68278 67701 68456 68403
Hilo 5:68678 68512 69587 68801 68364 68967 68795 68592 68650 68522 68696 68675 68398 68350 68671 68915 69038 67830 68773 68689 68649 68678 69060 68039

cores: 7
Hilo 0:73929 72820 72806 72832 72734 72787 72811 72752 72724 72770 72815 72856 72743 72807 72911 72817 72786 73128 72914 73066 72790 72816 72796 72736
Hilo 1:72798 73808 72914 73071 73149 73288 73404 73245 73698 73162 73839 73489 73269 73315 73557 73510 73154 73612 73699 73517 73341 73171 73188 69712
Hilo 2:72785 72822 72882 72744 72806 72852 72829 72758 72906 72822 72849 72728 72833 72817 72859 72853 72846 72842 72942 72836 72832 72815 72836 72820
Hilo 3:72927 72674 72836 72785 72856 72912 72785 72827 72957 72708 72844 72915 72746 72787 72849 73106 72896 73234 72821 72857 72759 73047 72837 72801
Hilo 4:72993 72866 72885 72835 72870 72871 72781 72902 72843 72965 72774 72872 72839 72888 72819 72933 72859 72890 72807 72959 72910 72890 72963 72697
Hilo 5:72804 72863 72790 72862 72860 72875 72790 72830 72851 72883 72911 72833 72939 72839 72785 72838 72884 72769 73093 72812 72875 72831 73009 72728
Hilo 6:72818 72847 72794 72809 72916 72729 72949 72812 72810 72837 72918 72817 72833 72737 72798 72962 72749 72815 72977 72886 72878 72829 72954 72803

cores: 8
Hilo 0:72987 73210 145097 72983 72809 72794 82108 114241 88368 73040 73918 94099 72858 72849 72960 72944 72768 72713 72711 78944 72726 72830 72830 68072
Hilo 1:72951 72810 72768 72929 109330 72742 72850 72914 74965 72830 86761 72875 73116 73616 73100 73231 72937 73004 95247 72925 73024 78331 72911 72890
Hilo 2:73642 146632 108963 73480 109002 73249 73304 73231 73211 74896 72978 73499 74143 73432 73855 76194 75740 73679 73055 73650 75244 73872 73137 68596
Hilo 3:72734 73010 72826 72814 72858 109264 90990 73382 74854 84533 72787 96301 81733 72834 109179 73226 72838 95454 72810 73360 109521 81535 81597 55925
Hilo 4:72768 73154 73184 72887 73051 90640 91041 73044 72922 72881 72905 78396 88511 73043 72957 73076 72987 73032 73018 87168 73308 104734 82699 83419
Hilo 5:72776 109515 72948 72810 72842 72877 91852 85907 84536 120695 78288 76067 72888 109584 72978 72816 72885 72875 72845 95798 91007 72864 71135 56359
Hilo 6:72816 72877 72877 72865 109298 72881 72849 95509 104941 72880 91405 72802 72822 72841 72945 72847 72735 72733 86784 84220 78781 91691 82683 67936
Hilo 7:72972 72767 73069 73465 72900 90622 72853 81889 72968 72823 72932 97554 72816 73150 72955 72882 72982 73099 84151 73129 96165 72837 91067 72920

VM results:
