i7-2600 8
VMs: 2

cores: 1
Hilo 0:56899 56780 56266 56325 56421 56399 56337 56384 56354 56342 56538 56353 56376 56495 56433 56467 56521 56665 56862 56736 56694 56723 56451 56580

cores: 2
Hilo 0:57133 57106 57007 56853 57000 56821 57071 56962 57122 56907 57422 56953 57122 56708 57030 56971 56886 57210 56906 56840 56588 56624 57135 56911
Hilo 1:57126 56884 56876 57016 56924 57007 56849 56953 57048 56866 57557 57448 57144 56576 56782 57008 57000 57006 56874 56953 56624 56800 57031 56904

cores: 3
Hilo 0:66702 68996 68071 66837 70036 67284 65798 67615 67088 66365 67942 68748 68468 66519 67602 66187 68295 67294 68705 67810 66296 69827 71031 66521
Hilo 1:69804 68254 68581 68037 69433 66515 69677 68870 66776 69103 67060 68756 66973 69842 65330 68474 68930 70026 67560 66011 66886 68424 70027 66851
Hilo 2:67803 68789 68923 67725 67667 70850 67806 70898 69760 69015 69662 68202 70391 68605 68476 68830 67405 69317 69429 70492 68765 67024 68511 64458

cores: 4
Hilo 0:77015 77110 79102 78578 78546 78031 78224 78051 77965 77986 77768 78000 79298 78115 78527 78630 76324 78338 80034 77996 78676 79271 78429 76774
Hilo 1:78396 78659 79260 78293 77357 78688 78595 78070 77828 78260 79177 78365 78601 79008 79263 77930 77997 76801 80320 79121 77644 77583 77936 76242
Hilo 2:77643 77599 77103 77408 77306 77034 76638 76968 77788 77788 79039 77795 78072 76216 78103 77819 76897 78713 78142 76899 77460 78545 75676 78366
Hilo 3:78735 80195 78541 79560 78375 77232 78026 79563 79308 77682 77093 77041 78774 78680 77388 77049 79996 77265 77260 77798 77574 78378 78706 75798

cores: 5
Hilo 0:86548 86195 87016 86054 86189 86443 86794 86125 85821 85909 85586 86518 86847 86623 84922 86169 85863 86070 86315 86369 86332 85606 86565 86501
Hilo 1:86119 86564 86435 86176 87149 86427 86779 86472 86829 86327 86406 86565 86389 86794 85531 86271 85943 85840 85808 86378 86571 86100 85992 85382
Hilo 2:86512 86525 87010 85849 86471 86351 85648 86253 86762 86913 86507 86781 86213 85894 86420 86226 85769 85963 86397 86286 85583 86472 87058 85476
Hilo 3:86503 85653 85992 86560 85618 85500 86253 86699 86277 86984 86608 86153 86670 85227 85967 85667 85947 86132 86188 86278 86171 86280 86005 85566
Hilo 4:86620 86507 85701 86016 86821 86604 86719 86200 86280 85509 85975 86070 86307 86375 86366 86509 86463 86248 86161 86231 86693 86216 86797 85597

cores: 6
Hilo 0:93841 94283 94015 93945 94900 93473 93872 93808 94510 93744 94620 94685 94631 94324 94452 94645 94319 93416 94383 94568 94524 93531 94628 91952
Hilo 1:94290 95298 94280 94594 94353 94589 94284 94290 94604 94349 94664 94317 94414 94520 94343 94549 94302 94395 94329 94398 94590 94336 94671 89412
Hilo 2:93972 93482 95051 94217 93892 93233 93442 93504 93379 94861 95520 93758 94168 93459 93529 93304 93234 93584 93648 93188 93712 94472 93211 93231
Hilo 3:93491 93895 93948 94915 94298 93461 95345 95267 94973 95212 97785 94746 95019 94998 94967 95090 94855 94692 94405 94746 94608 94986 94682 87155
Hilo 4:93004 93345 93562 93417 93759 95210 93485 93556 93784 94524 94037 94023 93593 93778 93817 93788 93757 94580 93776 93742 93279 93751 93733 94042
Hilo 5:95316 93586 93729 93669 93694 93659 93751 93998 93692 93697 93684 93736 93749 93697 93743 93685 93704 93663 94756 94269 93737 93761 93739 93438

cores: 7
Hilo 0:93634 94468 94382 94403 94446 94366 118837 94393 94428 94387 94348 94393 94408 112599 94392 94370 94405 94671 94431 94607 94390 115855 108479 103977
Hilo 1:94970 140049 93477 93481 113816 93506 94114 93464 93444 93476 107544 93487 93471 93949 139690 93417 93503 93462 164581 98534 93474 95076 90489 70067
Hilo 2:94553 94001 94390 96083 97243 138477 141034 94633 94910 134410 94682 112914 94915 94705 93737 95136 94509 99206 94608 114427 94391 111694 87452 67991
Hilo 3:94129 93819 94018 93931 95399 96663 93886 140703 94170 93888 94127 93876 93812 94117 93862 94462 93892 93776 94094 93787 94138 93836 93924 94019
Hilo 4:93716 96320 138808 93670 93686 143897 94574 93722 93713 93704 93691 93694 93669 93693 130321 93720 93902 93906 164576 93686 95063 93817 88694 68437
Hilo 5:93394 94138 95735 95391 95418 95078 95338 95084 95492 95885 121729 95395 95401 95338 99799 93714 95405 94728 95522 95125 95488 95422 95596 95342
Hilo 6:95589 184738 94411 94228 93483 93377 93477 93715 93761 93800 93756 93716 93499 93721 96381 93997 94222 93817 93521 93780 93660 107332 93668 89787

cores: 8
Hilo 0:94165 94322 93722 93662 96906 93734 93688 93736 93704 93719 93731 93714 93856 139600 93664 93745 93675 93726 93730 93717 93726 93718 133694 103991
Hilo 1:93428 187729 94402 94375 94405 94431 96748 95744 94425 94390 94386 94428 94432 94418 94393 94404 94355 101153 94390 94386 94399 94407 94410 92986
Hilo 2:93745 93497 93505 93636 93547 93671 93725 93714 93544 93555 93501 93512 132247 107913 93567 93570 93537 93471 179827 93562 93663 93588 93618 89112
Hilo 3:94832 94728 187574 94524 94825 97086 94509 94865 150118 150902 94932 94130 139258 94811 94614 101206 95316 94796 94561 134396 105482 88472 59814 56887
Hilo 4:94272 95813 94286 94585 94318 94301 94630 94316 94584 94307 94586 94284 94332 94596 94306 94615 94321 94454 94388 94251 94549 94229 94552 94267
Hilo 5:93644 93209 93222 142110 93670 93638 93657 93658 93670 149901 150362 93639 100585 93652 93677 93668 93655 100199 93643 93665 93653 93638 93659 80068
Hilo 6:96670 187058 98411 95343 95527 95409 95295 95299 95247 95301 95314 153318 95385 139504 95345 95470 186548 95338 95322 95214 95240 89902 61381 57017
Hilo 7:95468 93747 139265 93664 94216 94204 94179 95362 94051 93354 93719 93428 139768 93770 93416 93892 93986 93832 93391 94011 94221 93888 93966 94035

VM results:
