e6300 2
VMs: 2

cores: 1
Hilo 0:180237 179469 179144 179490 179085 179416 179304 177822 178319 177342 177863 177213 176813 175834 175834 175757 176154 176064 175648 176487 178097 176961 176426 176517

cores: 2
Hilo 0:176389 177845 176423 176259 176139 175000 174480 174479 173072 174093 174915 175686 174584 173964 172837 173410 175166 174166 175013 176315 176280 176325 176673 175120
Hilo 1:176568 176746 176568 176635 176589 177621 178331 178220 179874 178519 178240 177122 178134 179298 179981 179015 178158 178019 178973 177379 177027 177036 178270 177381

VM results:
