i7-4770 8
VMs: 3

cores: 1
Hilo 0:52284 52151 52179 51695 51661 51876 51772 51137 51175 51198 51150 51223 51190 51302 51312 51253 51209 51222 51183 51264 51182 51304 51339 51188

cores: 2
Hilo 0:58737 59472 61953 62557 58241 57589 57873 59284 56713 55917 58412 59360 59889 58951 59644 59681 60699 58861 58600 57982 58062 58434 58628 60405
Hilo 1:60845 62564 62369 59727 58737 60780 58620 58378 59439 61021 59058 59833 59690 58268 58808 59575 58350 60962 59086 57378 59017 58843 60296 58244

cores: 3
Hilo 0:64003 63206 63707 64299 64094 63987 64375 65163 64684 64880 63954 62399 65734 64209 64547 62473 63380 63197 64180 64944 62952 63205 63141 65249
Hilo 1:65128 63868 63897 64892 62836 63768 63964 64929 63917 63535 64697 64861 64310 63106 63817 64854 63236 64816 63146 64076 64887 64993 64741 64031
Hilo 2:64168 64395 63038 64545 62846 64030 63088 62091 64002 62938 64261 64328 63253 63378 64337 64885 65138 63121 64473 64137 64777 64450 64681 63012

cores: 4
Hilo 0:68997 69128 68322 68590 68676 68753 68741 68917 68644 69039 68447 68059 68145 68584 69896 72261 69446 67797 68731 68549 68626 69696 71216 72034
Hilo 1:68712 69069 68779 68394 68421 69600 68433 68619 68068 67301 68722 68487 68760 67974 69569 71616 69890 68453 68995 68825 68904 69202 71433 71964
Hilo 2:68287 68131 68609 69074 68577 68922 68654 67922 69130 68859 68613 68037 68663 68273 69699 71578 69491 69095 68498 68511 68624 70125 71290 73611
Hilo 3:68086 68565 68577 69114 68423 68476 68160 69017 68352 68593 68792 68674 68527 68433 69425 71869 69714 68594 68579 69354 67822 70152 71509 72381

cores: 5
Hilo 0:73948 72927 72963 73433 72966 73182 72958 73752 72950 72984 72996 72957 72810 72986 72895 72881 72941 72977 73035 73044 72894 73360 72894 71862
Hilo 1:73058 72893 72857 73018 72978 72895 72901 73057 72869 72942 72895 72886 72824 72864 72860 72798 72918 72848 72878 72890 72986 73110 72943 72808
Hilo 2:72903 72854 72849 72750 72777 72751 72889 72901 72864 72931 72896 72764 72881 72782 72777 72858 72758 72740 72769 72734 72699 72802 72880 73033
Hilo 3:73052 72801 72893 73018 72874 72812 72787 72769 72876 72836 72895 72890 72928 72879 73001 72806 73761 72772 72911 72835 72776 72933 72784 72694
Hilo 4:72472 72897 72862 72904 73487 72910 72876 72772 73394 73084 72959 72860 72900 73013 72925 73716 72923 72912 72803 72896 72777 72827 72932 72695

cores: 6
Hilo 0:72831 73449 73516 73693 73721 73872 73562 73632 73401 73614 73405 73584 73618 73968 73793 73567 73699 73845 73687 73687 73569 73668 73725 73773
Hilo 1:109314 80885 89063 109479 72876 72854 95542 95826 72913 85909 72898 80166 114506 95747 72884 79686 76707 90240 78970 72898 75809 68102 59222 51259
Hilo 2:72904 105466 101253 72901 72912 73191 81119 96008 74835 86425 73168 72825 72956 72973 84530 92148 79758 72853 86797 72817 85593 75851 69932 62644
Hilo 3:72863 80993 85046 72997 72920 72921 73124 73166 75553 72913 72991 72955 73639 76034 72743 77039 72987 72834 72923 72911 90081 72695 72932 73062
Hilo 4:125277 72995 73023 113414 72946 72839 73168 73057 74689 73394 72964 73328 72998 111430 72893 82672 72902 77771 80589 72966 72835 72901 70435 65213
Hilo 5:72744 72813 76943 81040 72911 72971 80981 96898 74873 73488 73141 73049 81071 72969 84630 91627 82256 73708 72925 72984 72925 85756 72947 69495

cores: 7
Hilo 0:145858 73111 109848 72910 73475 72889 73068 72924 72920 73095 128053 73079 128216 73016 81711 89529 73182 73142 73100 72866 72954 97419 72667 62847
Hilo 1:109299 72823 73629 72962 73048 82397 72914 72931 119375 81665 72859 73039 72858 72854 72779 144198 72815 72868 72959 72905 126440 96546 72879 67202
Hilo 2:72838 73621 73612 73788 127411 99458 73660 73841 73623 73502 73964 73762 73688 73585 73742 73643 73711 73883 73956 75243 74649 73753 80342 75930
Hilo 3:109206 72853 72835 109728 72802 73301 72740 72896 119341 72833 72810 72940 72851 72898 73091 72813 72876 72830 72925 72895 72949 126348 87071 73215
Hilo 4:73061 72877 73833 73040 127256 127938 73058 73040 72896 73023 73068 72898 73037 73143 80893 87631 89523 73038 73009 72994 72955 73102 72962 73182
Hilo 5:72927 73000 72923 72907 72946 108316 72888 72940 72888 81701 72910 73004 72983 72945 72920 73055 72816 72957 73141 73232 73136 73127 72996 82343
Hilo 6:145836 72982 73074 73059 73160 127951 72980 73009 72936 72929 127995 72906 128202 72907 112878 72916 72993 72982 72915 72831 72815 96699 69048 57067

cores: 8
Hilo 0:146763 72936 73110 73490 73233 73036 73104 73039 73059 73132 73127 73229 73237 73049 73139 73212 73091 73176 73186 73185 73244 73162 73147 73203
Hilo 1:72820 72912 73001 73075 73244 95243 73061 98215 73105 72891 98697 73218 127865 73108 145775 73075 73326 73215 73156 73231 73133 73005 123764 66564
Hilo 2:114542 139741 80594 72986 72899 104667 93420 72844 72865 88820 72808 72875 79527 72880 72810 72685 72759 72894 72897 72862 73195 72701 73815 72927
Hilo 3:146748 73891 73783 73782 73601 73621 73736 73621 74050 73683 73784 73488 73612 73747 73700 73777 73935 74401 73741 73686 73611 73608 73791 73689
Hilo 4:145820 83907 72944 72987 73135 73096 104664 145822 98306 72866 72923 103300 72927 72898 127251 72916 72875 72886 72913 72949 72841 79369 80337 59715
Hilo 5:73074 94840 72983 73027 73233 73076 72969 144163 145813 72790 73291 103220 72840 76734 72934 72967 73372 73066 72982 73065 73060 73074 84778 71644
Hilo 6:103592 85581 80712 72929 73122 95244 72807 72941 72973 72976 72953 72963 74182 72973 72930 72940 122024 73615 72931 72937 72942 132342 73011 72944
Hilo 7:145789 127174 72898 73019 73045 72881 72929 72915 72943 72883 82714 73012 72912 72958 141957 73004 78073 72891 72887 72914 132301 104845 81521 60202

VM results:
