amd5000+ 2
VMs: 2

cores: 1
Hilo 0:266496 266531 264276 264099 264257 264817 264208 264272 264122 264306 264220 264189 264637 264254 264144 266752 264206 264328 264290 264226 264330 264207 264049 264396

cores: 2
Hilo 0:266967 270201 271098 265125 267342 265497 265825 265788 265207 265910 265440 265133 266048 265320 265306 265915 266083 265830 265333 265184 266004 265226 265343 265974
Hilo 1:263473 265244 267856 269315 264489 263385 263462 263559 263679 263713 263718 263368 263572 263498 263306 263851 263357 263588 263553 263488 263453 263302 263384 263696

VM results:
