i7-2600 8
VMs: 4

cores: 1
Hilo 0:66142 66960 67840 68068 66725 68379 65985 69963 69499 66206 67540 67566 68063 67406 67837 66607 66077 66948 67550 69247 66561 68354 66041 67900

cores: 2
Hilo 0:77212 76496 75895 77356 76188 76122 76542 76877 77004 76355 76883 76913 77282 76503 76431 75905 76991 76900 76281 76636 76301 75735 76920 77971
Hilo 1:77548 77844 76883 76881 76382 78053 77053 75795 76350 78061 76446 76965 76488 77385 77911 76602 76516 75039 75719 77321 75582 76325 75306 76745

cores: 3
Hilo 0:86071 85876 86336 86007 85980 86493 86474 86568 86467 86440 86118 86639 86116 86400 86210 85975 85938 87112 86054 86774 86317 86448 85812 85334
Hilo 1:86135 85695 85771 85908 86144 86372 86803 86079 86107 86456 86091 86124 86487 86156 85449 86307 85888 86267 86148 85680 85510 86336 86312 86060
Hilo 2:86117 86078 86163 85466 85783 86006 86035 86128 86116 86452 86394 86620 85232 85826 86426 86105 85865 86591 86416 86117 86157 86538 85489 86139

cores: 4
Hilo 0:93324 93380 93584 93313 93386 93295 94060 93212 93277 94920 94069 94163 93243 93567 93197 93391 94585 93723 93542 93803 93277 94385 94862 93481
Hilo 1:93517 93947 93957 94513 94031 95656 94263 94507 95058 92952 93501 94198 94149 94173 94178 94136 95044 95132 93088 95192 100300 105150 94986 89653
Hilo 2:95661 93973 94166 93094 94538 94212 94505 93548 93949 94410 93408 93491 93440 93712 94086 93629 94299 93314 94126 93968 94316 96307 97487 93317
Hilo 3:94095 95211 95238 93708 95304 93612 93710 93484 93340 93686 95306 95491 93368 93426 94030 94864 93432 94531 93486 94540 93381 91367 93264 93563

cores: 5
Hilo 0:93795 94519 94430 94466 135078 94542 94497 94558 100695 128634 94551 94553 94512 94518 94413 123535 111165 94587 94165 94759 120571 94409 94510 80643
Hilo 1:105986 93726 93240 92928 92912 93036 93026 92987 118583 93019 93332 93309 93330 93288 93300 93084 125500 92846 124859 93964 93028 93062 93268 92132
Hilo 2:94293 94525 94247 94605 94307 94466 94686 94037 125990 95432 94085 94073 94548 93981 95249 109802 94552 94239 124554 94547 93267 97907 96707 93796
Hilo 3:94525 94445 93938 94599 93776 94031 94552 94096 113262 93786 94568 93887 94397 93878 93965 94439 94147 94341 94259 94620 94232 94132 94425 94157
Hilo 4:107612 94089 94262 94555 134282 93762 94027 93922 158617 94091 93754 94195 94017 93847 94048 94134 94093 93688 92988 94022 111223 107745 97468 82586

cores: 6
Hilo 0:94689 96075 95920 129838 96333 95931 95966 96301 95905 95881 97515 96188 96088 96182 96061 96011 96040 95914 95924 96024 96011 95843 95921 95610
Hilo 1:141235 93794 93819 93873 93854 93908 93716 94043 93740 94066 94040 94043 93967 94190 93847 93896 93939 93936 94193 133205 93720 93434 113009 91374
Hilo 2:94101 93309 93223 93216 93328 93167 93253 93139 93285 93317 93167 93327 93127 93259 93294 93136 93323 93377 93506 93786 93511 126343 153276 105718
Hilo 3:94477 94450 94273 95935 94101 94161 94282 94119 94107 94178 94256 94341 94164 94196 94176 94054 94161 94215 94159 95093 133323 186374 94206 82928
Hilo 4:93045 94206 93636 130040 93437 93447 93516 93414 93458 93500 93533 93490 93439 93545 93498 93461 93548 93498 93700 93537 93574 93584 93686 93799
Hilo 5:140548 94520 94648 95201 94881 94790 95175 94718 95155 96251 95001 94746 94603 95298 94674 95122 94690 95164 94283 94414 95531 94598 93565 100555

cores: 7
Hilo 0:186371 95058 94681 94656 95192 94604 95121 94623 95072 94540 94629 95155 94557 95075 94608 95098 94735 94690 95142 94674 95153 94620 95014 82435
Hilo 1:93849 118165 117833 93932 93940 93920 94003 94031 93752 93750 95128 95835 93928 93841 93878 93760 93904 93927 93965 93830 94017 93894 93986 93652
Hilo 2:95675 118420 95641 95651 95518 95571 95582 95877 95579 95572 95965 98642 95606 95630 95665 95625 95619 95597 95637 95625 95652 95714 95559 94800
Hilo 3:141016 119171 93197 93206 93268 93159 93370 93170 93180 93194 93071 93253 93076 93226 93477 93439 93600 93409 93534 93543 93326 93176 93073 93190
Hilo 4:186392 93727 93789 93764 93735 93795 93748 93840 93788 93857 93864 93806 93927 93889 93814 93833 93727 93778 93748 93773 93775 93727 93806 89037
Hilo 5:94565 94534 94593 94602 94562 94556 94556 94545 94585 94663 94582 94486 94534 94594 94576 94541 94539 94532 94640 94515 94499 94522 94530 94526
Hilo 6:140806 94012 93890 93865 93748 93888 93804 93808 93864 93910 93879 93517 93839 93805 93876 93880 93782 93826 93821 93845 93850 93794 93785 93878

cores: 8
Hilo 0:95878 95010 96672 97126 94757 95033 95455 94978 95427 95034 95408 94941 94961 95484 94941 188038 95405 94963 94983 95485 94922 95542 94987 94492
Hilo 1:141518 94626 94906 94587 95162 94599 95053 94639 94719 94925 94666 95081 94612 95091 94568 94674 95082 94620 95092 94593 95062 94613 94596 94919
Hilo 2:188157 93947 93815 139864 93777 93798 93930 93706 93826 93868 93953 93904 93758 93915 176246 93883 93962 93966 93805 93755 94042 94992 106013 75797
Hilo 3:186788 96511 184688 95654 95346 95540 95535 95499 95571 95584 95576 95634 95594 95453 95673 95645 95668 95597 95571 95572 95547 95682 103268 77111
Hilo 4:93514 99086 95131 137824 93671 93930 94056 93999 94079 93930 93791 93726 93747 93780 93750 93274 93331 93708 93772 93649 93707 93679 93787 94170
Hilo 5:186781 93820 93762 93864 93758 93717 93809 93707 93766 93800 93701 93756 93761 93774 93763 93814 93777 93736 93799 93702 93780 93774 93700 102891
Hilo 6:188138 96748 95912 96495 94499 94443 94505 94521 94527 94550 94467 94527 94507 94509 94574 94556 94533 94510 94497 94521 94471 94517 94436 109447
Hilo 7:140233 93707 93584 93305 93564 93990 93835 93919 93981 93897 93943 93828 93901 93872 105739 93867 93989 94023 93844 93971 93995 93903 93833 94052

VM results:
