e6300 2
VMs: 1

cores: 1
Hilo 0:183549 181173 178544 175067 172428 172618 173431 172547 172358 172409 173397 173925 172556 176381 175096 173111 172451 174503 175991 179159 174159 172357 172462 172461

cores: 2
Hilo 0:176779 176596 176458 175587 176601 175657 175163 175351 175055 176231 175684 176613 175655 175129 176853 176860 176721 176192 176529 177323 177873 176675 176888 176538
Hilo 1:173633 174297 174024 176081 173760 174592 175023 175223 175199 174092 174558 173498 174548 175068 174240 173611 173547 173615 173938 173322 172689 173498 173489 172862

VM results:
