i7-4770 8
VMs: 2

cores: 1
Hilo 0:51781 51817 51820 51837 51774 51753 51766 51779 51805 51771 51810 51775 51817 51827 51828 51774 51735 51834 51791 51770 51804 51997 51845 51755

cores: 2
Hilo 0:52266 51592 52334 52414 51826 51858 51720 51609 51836 52113 51456 51971 51986 51531 51535 51511 51569 51641 51440 51567 52009 51344 51598 51440
Hilo 1:52231 51492 52185 52493 51792 51818 51719 51484 51726 52035 51430 51992 52108 51454 51542 51549 51607 51613 51574 51687 51936 51537 51592 51438

cores: 3
Hilo 0:58513 56974 57968 56291 58851 58112 58916 59799 58845 59885 59109 60124 56434 60785 59088 58346 58179 57112 58592 56406 62413 58476 60500 55326
Hilo 1:57328 57040 58459 62085 59035 58203 58965 56939 56976 57678 56833 58565 59342 57293 57221 60318 58216 59172 59207 59070 58621 56565 58938 56994
Hilo 2:60836 59890 57734 56998 54851 60485 57208 57659 56331 58045 56522 56311 57430 59037 56717 55594 54851 57981 59033 58084 55459 57948 57092 57838

cores: 4
Hilo 0:64706 63013 62695 63041 62614 61743 63278 64303 63979 64690 64607 64220 66045 63096 63982 63495 63610 62980 63931 63679 63436 61140 63538 62479
Hilo 1:63142 66092 63728 65004 63962 64447 64373 64524 63236 62532 62945 63475 63697 64225 64778 64955 65066 65461 64462 65265 64329 64466 63887 60916
Hilo 2:64845 64641 66430 64104 63975 63776 64320 65154 64645 63910 63486 64401 63643 65732 64753 63264 64676 64247 64761 64520 64884 66375 63993 60430
Hilo 3:63934 63698 62701 64989 64623 65505 64258 63540 64453 64384 64059 63946 63231 64773 62399 64754 63999 63735 63558 64233 63409 65079 64160 62815

cores: 5
Hilo 0:68859 68656 68814 68522 68829 68867 68903 68801 68726 69140 68994 68923 68886 68591 68531 68859 69092 68544 69175 68176 68871 68852 68770 68637
Hilo 1:68819 68931 68536 68859 69176 69305 68816 69013 68919 69229 68790 68613 69018 68595 68951 68705 68703 68855 68688 69170 68574 68884 69088 68366
Hilo 2:68280 68780 69230 68640 68694 68492 68792 68854 68763 68596 68135 68752 68831 68757 68673 68943 68733 69417 68559 68798 68886 68326 68427 68744
Hilo 3:68855 69039 68880 68743 68780 68743 69088 68821 68740 68723 68726 68998 68916 69123 68924 69001 68823 68796 68679 69001 68957 68812 69025 68459
Hilo 4:68778 68808 68454 68838 69139 68936 68788 68755 68358 68778 69005 68802 69283 69130 68889 69205 68845 68959 69233 68744 68914 68952 68620 68224

cores: 6
Hilo 0:73834 74138 73562 73566 73698 73699 73635 73523 73492 73826 73587 73524 73452 73730 73749 73030 73826 73561 73825 73989 72964 73750 73843 68419
Hilo 1:72858 72944 72909 72935 72834 72836 72954 72851 72770 72917 72820 72939 72864 72894 72901 72964 72872 72933 73040 73693 72860 72898 72926 72760
Hilo 2:72966 72875 72909 73016 72866 73047 73070 73080 72989 73174 73073 72949 72955 72767 72881 72921 73000 73166 72969 72868 73292 73009 73077 72548
Hilo 3:72769 73106 72806 72903 72852 72837 72871 72830 72878 72797 72731 72779 72772 72813 72990 73490 72921 73024 72923 72853 73087 72864 72872 72896
Hilo 4:72884 72978 72854 72976 72836 72923 72881 73023 72981 72950 72846 72948 72861 72892 72807 72859 72963 72839 72830 72917 72861 72985 72936 72951
Hilo 5:72725 72984 72774 72868 72878 72867 72894 72871 72922 72976 72844 73012 72966 72821 72859 72901 72954 73011 72836 72905 72764 72855 72842 72844

cores: 7
Hilo 0:72967 73125 72769 72875 73088 73138 73075 102676 80657 72893 72872 72842 72723 72882 72851 97823 72896 73013 73010 73000 72904 85269 73016 72884
Hilo 1:72838 72885 72803 73101 72873 145925 86287 81330 72994 72920 73033 80228 73163 73050 72868 72828 85049 88818 82315 78651 73074 74654 73391 59291
Hilo 2:74301 73589 102111 73841 74834 75056 74869 76900 76804 76296 73868 76148 74610 76434 74919 74687 76576 74000 73907 75334 75584 73514 73244 73653
Hilo 3:72925 72832 72893 72855 72763 73003 72858 72801 73197 76884 72886 72885 77812 79125 72751 84293 72842 72871 72848 88834 72858 79280 89764 76059
Hilo 4:72987 73715 101552 73065 73062 73267 102791 79326 77067 77681 75091 72887 73155 74327 137572 97500 73655 73229 73105 73406 77485 80186 66113 53949
Hilo 5:72804 72919 72926 72884 72937 72769 73047 72837 89126 72926 72824 72956 73102 75384 78587 73021 72921 72992 72907 82398 72983 76609 72885 72932
Hilo 6:72914 73034 72970 72927 72850 145921 73055 79376 72792 77539 75273 72909 74012 72854 72859 110284 72834 72961 76576 74361 74972 85027 75250 56860

cores: 8
Hilo 0:72954 73001 72955 109500 72861 72899 72819 72912 72800 72951 72831 72841 72969 72899 72976 72807 72866 72854 72892 72847 72888 72862 72884 72869
Hilo 1:171150 96773 79487 73010 73078 72893 73099 73075 73063 72972 72937 73057 73094 73001 73045 73050 73067 73149 73094 73058 73115 72953 72871 68673
Hilo 2:121552 73065 79466 72869 72951 72971 73031 73067 73114 73007 78223 124468 73033 73076 73017 73064 73073 73021 73137 73048 73021 107565 74287 65892
Hilo 3:171075 73615 128253 73730 73728 73730 73642 73658 73947 73737 73770 73809 73444 73708 73647 73506 73917 73485 73948 73405 73920 73627 73599 58854
Hilo 4:72887 72890 72879 135749 83525 72895 72907 72911 72887 72876 78348 72922 72937 72865 72873 72868 72901 72880 72892 72891 72913 72937 72943 88961
Hilo 5:73125 73017 96541 73974 88254 78993 73007 73057 73022 73130 109018 89190 72962 73065 72973 72887 72926 73000 72948 73024 72976 73009 72957 72898
Hilo 6:72792 72871 72818 73656 83597 72886 104662 72880 72893 72889 72911 72791 74998 72911 72990 72906 72811 72870 73092 73178 73029 73083 73005 90477
Hilo 7:72872 73078 72909 109497 88421 72909 104636 72846 72898 72906 108916 105846 72863 72905 72846 72891 72847 72914 72815 72948 72882 107438 71221 56628

VM results:
