i7-4770-NTB 8
VMs: 2

cores: 1
Hilo 0:56035 55873 55845 55828 55878 55899 56105 55979 55959 55837 56030 55883 55979 55936 55892 55883 55886 55961 56010 55891 55829 55872 55933 55858

cores: 2
Hilo 0:56232 56033 55888 55978 55933 55841 55831 55827 56177 56236 56434 55770 55745 55876 55852 55980 55861 55776 55839 55802 56045 56186 55947 56573
Hilo 1:56305 56049 55845 55882 55871 55927 55828 55838 56093 56016 56468 55854 56021 55972 55782 55884 55967 55874 55946 55918 55984 56074 55805 56899

cores: 3
Hilo 0:61303 60377 61837 60235 63930 61475 61877 62060 61336 61815 61646 60015 63037 61913 60735 64841 62433 60429 64409 60752 60223 62482 60871 61225
Hilo 1:65094 62433 65349 65611 65243 64898 63258 63036 65003 64786 63523 62677 61884 62204 62420 62394 62851 60311 59065 62751 63121 63228 62254 58924
Hilo 2:64351 62308 63886 62168 60162 62887 62362 61769 63597 64105 66574 63512 63372 62058 62905 62289 62764 65403 63883 64551 62869 66096 64684 59336

cores: 4
Hilo 0:69799 68350 69680 70283 69743 68863 68655 69804 69230 70972 68699 68940 69876 67969 69820 69390 69072 69485 69677 69646 68065 70081 70123 66758
Hilo 1:68077 69830 70613 69775 68938 68910 69161 68596 69944 68001 67878 68519 66803 68260 69143 68077 70454 69368 69834 68480 68350 69023 69783 67912
Hilo 2:69329 67784 67223 67508 67600 67941 68948 67658 67230 68476 69751 68660 69014 69244 68406 68657 67981 68484 68262 68603 69806 68394 66858 65900
Hilo 3:69289 69514 69815 68797 70627 68357 68010 70248 68858 68512 68598 70407 68327 69531 68529 70055 67972 68841 69974 67094 70418 69051 69198 68500

cores: 5
Hilo 0:74512 74277 74339 74672 74701 74491 73971 74918 74101 74318 74297 74540 74574 74581 74508 75172 74332 73990 74470 74225 74798 74122 73917 74815
Hilo 1:74290 74386 74281 74168 74062 74122 75135 74461 74257 74055 74919 74743 74101 74593 74200 75606 74939 74930 74522 74643 74594 74371 74537 74023
Hilo 2:74578 74447 74302 74615 74292 74848 74194 74158 75230 74476 74911 74580 74813 74360 74745 75269 74600 74164 74489 74475 73673 74268 74042 73827
Hilo 3:74791 74318 74166 74455 74932 74180 74411 74413 74029 74655 74011 74376 74324 74491 74556 74637 74521 74435 74666 74265 74438 74832 74563 74378
Hilo 4:74165 74938 74721 74672 74523 74514 74506 74221 74590 74620 74512 73807 74543 74547 74411 75000 73947 74633 74336 74395 74579 74679 74502 74156

cores: 6
Hilo 0:80024 80121 80072 80071 79799 80110 79730 79478 80191 80028 80127 79724 80350 80157 79551 79379 80005 80106 79973 80352 80190 80053 80048 76181
Hilo 1:79470 79359 79312 79476 79373 79630 79473 79359 79400 79383 79555 79336 79304 79667 79497 79365 79470 79427 79457 79392 86086 79424 79419 77633
Hilo 2:79417 79396 79404 79375 79993 79611 79376 79503 79267 79471 79390 79641 79345 79758 79346 79904 79477 79408 79350 79447 79393 79270 79330 79451
Hilo 3:79281 79388 79392 79606 79356 79521 79565 79663 79390 79532 79271 79306 79446 79622 79729 79295 79444 79543 79414 79324 80012 79507 79532 79248
Hilo 4:79351 79246 79604 79344 79660 79462 79346 80622 79264 79430 79338 79250 79677 79315 79639 79371 79352 79557 79301 79476 79207 79420 79307 79255
Hilo 5:79294 79361 79418 79443 79402 79591 79468 79456 79449 79302 79508 79355 79470 79477 79454 79392 79475 79363 79311 79230 79360 79523 79446 79385

cores: 7
Hilo 0:79396 79385 79700 79320 113106 86010 93108 79342 79341 79407 80220 79570 79451 79677 79363 104275 79526 79392 79494 79634 86737 83137 79451 81191
Hilo 1:79340 79322 79522 79510 80439 79431 99084 114742 79286 79094 88793 100470 79377 79238 93570 79399 93393 79400 87496 86625 79445 79298 103857 77879
Hilo 2:79741 80669 89546 113579 80665 96768 80196 84457 80172 83326 87967 86819 110776 93216 79627 98032 82109 105392 79794 83176 110536 90958 77771 61639
Hilo 3:79421 79418 80098 79461 79357 79719 79579 79278 107025 100421 81364 89979 91289 79410 110086 79503 79456 97251 79321 79259 79367 79350 79376 79312
Hilo 4:79379 79362 79335 147137 79437 79447 85946 82529 79412 105229 110394 83274 89551 82092 79490 79398 81363 79377 122542 79447 106574 88256 77470 61466
Hilo 5:79273 79444 80373 79536 79642 79575 105402 79642 79451 100906 119937 79709 79901 109217 86454 79444 82317 79298 123569 79532 79519 79542 108081 70132
Hilo 6:80383 79308 89800 79395 79407 102853 93055 79438 79838 108320 101487 106727 90386 85145 85028 80145 81866 80333 79181 79981 83901 82417 81279 80590

cores: 8
Hilo 0:138488 79478 88085 79675 79728 79622 80020 79494 79621 79654 79662 79743 79583 79636 79748 79754 79583 79616 79647 79731 79917 79726 79881 79851
Hilo 1:80125 98929 105762 90526 107998 83270 115268 79451 79479 79376 79511 93004 79468 87061 110853 110214 79459 79411 79462 88538 93751 79412 79142 64824
Hilo 2:79342 88989 79505 83099 101551 104763 131937 85805 79387 79476 79416 79368 86896 82500 88651 99696 83267 79476 79484 99075 79354 79383 88190 75270
Hilo 3:79690 80326 80080 90667 80225 79968 134905 80318 80273 80102 80170 80014 80350 80346 106098 90145 96246 80352 80488 95975 98996 80351 80116 77972
Hilo 4:79373 158612 79744 79455 79413 79390 79501 79474 79636 79548 79636 79431 79389 79512 79408 79421 79416 79583 80348 79486 79673 79666 79556 79409
Hilo 5:119121 108511 79308 90190 126179 86274 109202 79355 79397 79417 79410 79323 79405 118797 86838 79276 79493 79390 79466 79453 79396 79360 79457 70103
Hilo 6:79263 158632 79470 101732 87640 79464 80135 79382 79427 79450 79813 100604 80801 94581 96044 90119 96210 79554 79516 79411 79422 81806 80842 74755
Hilo 7:79408 79307 79731 90147 91459 79330 82934 83030 79287 79347 79319 79234 86940 85497 85761 87922 109618 79238 79291 114926 93695 80100 80043 86625

VM results:
