i7-4770-nada 4
VMs: 1

cores: 1
Hilo 0:51496 51578 51590 51607 51612 51538 51533 51614 51639 51549 51546 51573 51545 51650 51625 51624 51617 51631 51510 51748 51658 51725 51655 51674

cores: 2
Hilo 0:51168 51150 51158 51165 51175 51140 51145 51171 51162 51173 51158 51153 51180 51141 51146 51151 51157 51167 51169 51165 51170 51170 51151 51159
Hilo 1:51163 51146 51158 51178 51181 51155 51151 51173 51157 51173 51166 51150 51174 51152 51148 51147 51161 51157 51177 51164 51152 51167 51164 51147

cores: 3
Hilo 0:51139 58613 51169 51070 51094 51475 51159 51062 51122 51175 51089 51164 51104 51164 51613 51076 51149 51253 51097 51051 51618 51080 51155 51177
Hilo 1:51123 51213 51129 51232 51152 51203 51120 51234 51105 51153 51218 51794 51165 51270 51163 51170 51226 51162 51166 51155 51222 51131 51144 51249
Hilo 2:51487 51553 51460 51708 51713 51198 51539 51535 51519 51639 51237 51210 51503 51568 51202 51221 51673 51603 51638 51624 51149 51655 51684 51816

cores: 4
Hilo 0:51217 51289 51143 51164 51159 51251 51348 52083 51141 51268 60407 51143 51368 51247 51210 51255 54627 51184 51289 51241 51298 51187 51366 51174
Hilo 1:51087 51534 51069 51225 51102 51096 51135 51148 51104 51276 60514 51128 51151 51086 51090 51143 51085 51124 51079 51156 51052 51165 51057 51181
Hilo 2:76932 51315 51404 51302 51320 51390 51372 51460 51466 51553 51573 51568 51357 51249 51375 51372 58992 51249 51342 51354 51300 51391 51502 51295
Hilo 3:77001 51620 51638 51349 51612 51556 51825 51734 51721 52273 52334 51981 52410 51852 51730 52874 52891 51795 53151 51579 52084 56318 51435 52059

VM results:
