e7600 2
VMs: 2

cores: 1
Hilo 0:76357 76469 75358 75383 75361 75776 77309 76340 75346 76026 75368 75380 75368 75418 75410 75445 75386 75357 75862 75898 75504 75840 75914 75899

cores: 2
Hilo 0:76414 75994 76924 75909 76029 76044 75942 75987 75917 75960 75945 75958 75906 75922 75996 75873 75946 75922 75858 75862 75921 75908 75968 75839
Hilo 1:75644 76115 75669 76628 75644 75701 75713 75698 75693 75632 75571 75690 75633 75612 75694 75659 75625 75699 75676 75754 75694 75680 75748 75636

VM results:
