amd5000+ 2
VMs: 1

cores: 1
Hilo 0:265525 266662 264269 264077 264314 264221 263596 263826 264093 264011 264132 264082 263796 264081 264038 263972 263931 263563 262925 264125 263619 262804 263757 264181

cores: 2
Hilo 0:264259 263494 276864 264072 263226 263923 527925 288851 288373 269768 263789 263636 264104 263709 263250 264050 263434 263422 264131 263416 263867 263522 263225 264206
Hilo 1:264187 263533 276711 263996 263603 264159 527916 288826 288194 269975 263867 264057 263975 263843 263809 264059 264165 263665 263677 263835 263741 263849 263930 263806

VM results:
