i7-4770-nada 4
VMs: 3

cores: 1
Hilo 0:51207 51243 51182 51165 51179 51176 51173 51172 51171 51169 51154 51173 51188 51178 51169 51165 51161 51162 51174 51177 51174 51157 51180 51202

cores: 2
Hilo 0:51579 51725 51637 51662 51697 51654 51111 51420 51756 51570 51183 51160 51701 51753 51553 51675 51596 51369 51674 51178 51615 51411 51590 51616
Hilo 1:51203 51237 51161 51284 51315 51227 51122 51193 51173 51240 51266 51228 51285 51229 51204 51136 51257 51507 51204 51630 51216 51121 51254 51221

cores: 3
Hilo 0:51309 51102 51204 52107 52052 51183 77771 100377 71410 51216 51122 51231 51236 90250 84047 51149 51111 51115 51157 51097 51097 94560 53594 51192
Hilo 1:51258 51262 51259 51985 53960 51282 77835 100313 66762 70809 51097 51436 51233 51216 51282 51262 51105 51188 51242 51172 51235 51114 51213 51142
Hilo 2:51628 52080 51924 51708 53375 51792 51649 51565 52635 51951 74861 51517 51654 52911 90425 84007 51964 51853 51969 51899 51552 51757 94657 54042

cores: 4
Hilo 0:77366 76173 51117 51156 51163 51444 51198 77556 51200 75867 51230 68139 63376 51260 51176 51119 75137 51178 51126 74833 51166 51250 51264 51783
Hilo 1:51212 76038 52263 51121 51129 76011 76416 77531 75852 51098 68094 51107 56317 51149 57927 74942 51090 51147 74747 51189 51153 51143 51196 51373
Hilo 2:51331 51440 51289 51360 51429 51315 76067 76185 51098 51251 51280 51287 51179 51109 51319 51180 51482 51470 51362 51113 51188 51144 51247 51145
Hilo 3:77034 52346 51678 51950 51854 51932 51752 51847 51944 51821 51858 51852 51387 69060 51905 58730 51883 51803 51897 51968 51931 51740 52246 51946

VM results:
