i7-4770 8
VMs: 0

cores: 1
Hilo 0:48719 48626 48579 48600 48591 48606 48653 48668 48684 48653 48620 48948 48963 48652 48589 48604 48631 48598 48613 48630 48614 48567 48627 48596

cores: 2
Hilo 0:48986 49017 49048 49017 49079 49094 49999 49391 49016 48969 49016 49048 49016 49000 48970 49000 49172 49156 49203 49203 49079 49109 49156 49250
Hilo 1:48986 49017 49048 49017 49079 49094 50093 49375 49016 48985 49000 49048 49016 48969 48969 49001 49172 49171 49157 49203 49078 49094 49172 49249

cores: 3
Hilo 0:53602 55474 54117 53993 53898 54409 54086 54195 53556 54273 54304 54492 53649 53696 53774 52604 52915 52760 53103 53540 53259 52838 53228 53602
Hilo 1:53446 55365 54148 54351 54726 54253 54288 54024 53945 54804 53883 54273 54476 54944 54273 52323 52822 52947 52635 52901 52994 53134 53290 53431
Hilo 2:53306 55162 54601 54101 54242 54674 53369 54460 53758 54382 53899 53275 53867 53587 53758 52791 52667 52572 52885 52744 53166 53025 53134 54148

cores: 4
Hilo 0:56738 56754 57299 57066 56535 56426 56348 57034 56598 56379 55848 56723 56238 56239 56317 56239 56004 56301 56146 56425 55178 56208 56254 55100
Hilo 1:57487 56785 57252 57144 56847 56145 56878 56208 56473 56722 56036 56754 56394 56645 56269 56177 55583 56723 56270 55801 56333 56207 56114 54507
Hilo 2:56567 55848 56426 56332 55927 55178 55662 55755 56051 55615 55505 55912 55521 55427 55381 55443 55131 55116 55256 55443 54850 56020 55209 54866
Hilo 3:57237 57612 56941 56831 56301 56364 56628 55880 56598 56020 56036 56052 56472 56629 56754 56940 56005 56707 56301 56519 56005 56301 56145 54586

cores: 5
Hilo 0:60310 60841 60232 59734 60341 61153 60700 59640 60763 59187 61106 60513 60466 60155 61262 60154 60201 61028 61153 61340 61995 61964 60607 58422
Hilo 1:60716 59343 59811 60669 60685 59889 60919 59640 60263 60201 60077 60248 59843 59234 59546 59000 59499 59686 59827 59967 60123 61902 59624 60466
Hilo 2:60170 60591 60950 60778 60202 59998 59858 60482 61184 60997 60092 60669 60607 60138 60529 60092 60591 60482 60513 61091 60029 61247 60029 59499
Hilo 3:60419 60233 60435 60607 59983 59904 60077 60528 60748 60388 59952 60388 60716 60420 59748 61028 60311 59655 60092 59421 60419 61325 61043 59905
Hilo 4:60139 59967 60638 60217 60685 60887 59983 60575 59406 60451 60700 59468 59905 60825 60825 61543 60170 60248 60778 60170 60966 61137 60201 59624

cores: 6
Hilo 0:64740 65131 65053 64569 64523 63446 65084 64943 65053 64882 64725 64834 64913 64522 64632 65458 65349 64960 66144 65708 65085 65302 64897 62135
Hilo 1:63149 63212 63197 63492 63119 63540 64101 63227 63914 64226 64445 64039 63321 63711 64382 62916 63695 62978 63805 65022 63555 62526 63570 63103
Hilo 2:64241 63618 64850 64398 65162 65318 64038 64570 64428 65568 65911 64132 64570 64772 65598 63977 64647 64928 64897 65349 65365 65708 64257 62464
Hilo 3:63633 64320 65209 64257 64413 64944 65286 64570 64631 64476 65193 64694 64211 64896 64117 64835 65177 64928 65568 64866 64226 65442 64757 63087
Hilo 4:64959 65724 64367 64803 64850 64631 64679 64756 63462 64491 65615 64600 65287 64912 64897 64959 64382 64570 64928 66222 63587 64834 64741 62557
Hilo 5:65630 65131 64351 64506 64788 63602 64008 64522 64413 64523 64366 64835 64990 64304 64554 65177 64320 64756 65537 66535 65193 64397 64882 62245

cores: 7
Hilo 0:68875 69467 67284 68688 68625 69312 68422 67580 68485 71605 72868 69203 68625 68516 69218 70498 69358 69546 68828 68266 69125 69015 68142 69265
Hilo 1:67954 68001 68485 69312 68922 69202 68781 68829 69296 71168 72650 69483 68828 69624 69733 69514 67877 69093 69359 68968 69483 68204 68439 68469
Hilo 2:68734 68828 69328 68594 67549 68094 68594 68657 69858 71324 73149 69015 69140 69047 69436 70545 69654 68829 68672 68547 69171 69156 68064 68656
Hilo 3:69296 67237 68063 67534 68609 68704 68594 68875 68484 70607 73383 68938 68641 68984 68703 70341 69827 68297 68361 68703 68719 68126 69155 68049
Hilo 4:68766 69561 68672 68906 69639 68423 68251 69452 67985 71621 72759 68126 69265 68875 68235 69921 69483 68578 69000 69390 68141 69484 69374 67705
Hilo 5:69483 68485 69686 69062 67658 69109 68813 68438 68204 71589 73368 68797 68297 68797 67736 70077 69701 69530 68345 68953 69202 69265 69265 68688
Hilo 6:68469 68750 69296 68610 69311 67596 69530 68547 68516 71059 73415 68500 69140 68439 69062 69779 69265 69031 68844 69015 67970 69374 69094 68001

cores: 8
Hilo 0:72806 72962 72931 72978 72885 72977 72869 72931 72946 72822 72947 72915 73040 73071 72900 72931 72931 72869 72790 72869 73227 72947 72837 72697
Hilo 1:72868 73025 72822 72946 72916 73071 72822 72884 72853 72899 72791 72822 72759 72931 72900 72790 72744 72915 73025 72790 72916 73368 72822 72775
Hilo 2:72868 72729 72853 73211 72822 72822 73102 72806 72775 72822 72837 72915 73337 72775 72853 72821 72729 72931 72868 72806 72822 72806 72994 72899
Hilo 3:73804 73665 84646 73430 73477 73353 73492 73149 73212 73337 73055 73243 73789 73633 73727 73695 72947 73336 73867 73477 73009 73430 73524 65412
Hilo 4:72759 72838 72900 73242 72791 72884 72853 72822 72868 72775 72947 73181 73134 72962 72806 72900 72837 72822 72931 72977 72838 72853 72853 72697
Hilo 5:72900 72806 72510 72993 72775 72977 73087 72962 72885 72806 72806 72915 72931 72822 72806 72853 72806 72806 72869 72837 72899 73306 72790 72806
Hilo 6:73071 73305 73150 72853 72837 72900 72915 72900 72728 72962 72791 72946 72993 72947 72837 73181 73243 74678 72869 72821 72869 72837 72759 72011
Hilo 7:72915 72994 74475 72869 72790 72806 72962 72822 72806 72853 72822 72853 72915 73134 72806 72791 72838 72775 72837 72806 72822 72775 72790 72697

VM results:
