i7-4770-nada 4
VMs: 2

cores: 1
Hilo 0:51188 51197 51152 51180 51174 51173 51159 51165 51179 51166 51160 51157 51163 51205 51224 51182 51139 51171 51168 51137 51151 51170 51355 51205

cores: 2
Hilo 0:51257 51225 51185 51335 51179 51312 51251 51743 51216 51297 51159 51221 51265 51317 51215 51227 51309 51438 51318 51289 51847 51108 51309 51122
Hilo 1:51177 51278 51141 51304 51052 51163 51119 51309 51487 51206 51697 51451 51191 51276 51138 51125 51647 51443 51169 51126 51253 51155 51161 51235

cores: 3
Hilo 0:51282 66714 64042 57647 51309 51413 51448 51362 54466 55786 51181 51183 51273 51179 51171 51254 51189 51181 51172 51239 51112 51221 51404 51365
Hilo 1:89835 51335 57479 51626 51598 51812 51663 51915 51644 51089 51795 51773 51851 51702 51838 51813 51860 55124 51768 76925 51712 57159 51833 53414
Hilo 2:76969 66518 51222 51390 51227 51097 51192 51133 59093 51176 51280 51376 51231 51290 51234 51217 51279 51303 54396 72701 55256 51849 56201 51442

cores: 4
Hilo 0:51203 51137 69786 62907 51165 51060 63516 51250 70064 51182 51123 51175 51133 62411 51146 62382 51079 51252 51190 51175 51089 51173 51317 51246
Hilo 1:77334 57489 69908 51237 51233 51337 51619 51351 51549 51466 51240 51206 51261 51087 51228 51266 51368 51286 51396 51261 51255 51240 51248 51429
Hilo 2:89979 51986 51884 51945 51945 64025 52279 51949 51258 51977 52264 52078 51944 51615 63882 51628 51804 51631 51999 51909 52394 51747 51994 51837
Hilo 3:51255 57752 51301 51146 62990 51206 51454 51279 51190 70034 51244 51293 51154 51320 62440 63202 62360 51289 51325 51252 51239 51647 51488 51315

VM results:
