i7-2600 8
VMs: 1

cores: 1
Hilo 0:56486 56272 55982 55785 55757 55770 55890 55810 55830 55838 55887 55905 55915 55885 55920 55894 55879 55920 55911 55910 55874 55899 55862 55874

cores: 2
Hilo 0:58530 58244 58405 56596 56547 56490 56536 56512 56507 56537 56475 56447 56472 56419 56404 56315 56595 56484 56413 56484 56499 56363 56337 56390
Hilo 1:58582 58273 58467 56615 56556 56537 56529 56543 56486 56558 56430 56468 56569 56498 56512 56450 56616 56522 56439 56549 56518 56351 56355 56400

cores: 3
Hilo 0:58021 57454 57492 56968 57140 57252 57094 57314 57268 57522 58645 56242 56459 56443 56384 56236 56322 56258 56425 56460 56460 56424 56423 56325
Hilo 1:58268 57468 57394 57373 57396 57270 57734 57296 57016 57687 58263 56372 56434 56390 56404 56524 56438 56264 56542 56676 56480 56456 56547 56353
Hilo 2:58404 57438 57325 57481 57628 57187 57730 57202 57476 57674 57798 56325 56394 56292 56474 56553 56359 56308 56394 56613 56513 56433 56550 56291

cores: 4
Hilo 0:70031 64797 68343 66594 69052 68099 67744 67400 67751 69114 71412 66722 66504 68900 67171 67782 66471 69145 66312 66302 64591 67314 64286 64196
Hilo 1:67451 66810 66463 71388 65076 67994 68022 67236 68935 67232 69880 68681 69048 66702 68236 68425 68881 68436 65642 69001 67680 69822 65222 64939
Hilo 2:68567 65973 67812 68887 66668 68362 67283 67307 67428 67605 64803 65545 65620 63862 66387 66766 66058 68041 67383 67596 69013 66871 70319 65974
Hilo 3:65789 70491 66704 63997 69409 66492 64121 70245 67737 70003 66121 68505 68542 68726 69429 67195 69334 67211 69875 70101 68709 66670 68816 66331

cores: 5
Hilo 0:77855 77371 77481 76809 76143 75355 76828 76762 76306 76902 74970 77607 77254 76644 76855 77454 77678 78153 75519 78017 75817 75872 76717 76877
Hilo 1:76199 77473 77230 77860 76935 77400 78337 75927 77124 77231 76838 76778 77781 77145 78233 78568 76188 77505 77328 76269 76353 78749 78998 75838
Hilo 2:77095 76432 76173 76510 77846 77649 75958 76506 77636 76624 76798 78023 78030 77372 77444 76759 76821 76699 77529 77881 78856 76343 76262 75797
Hilo 3:77970 77202 75525 76607 76215 78451 75404 77735 77526 77651 76612 77180 76996 75283 77094 77114 78599 78018 78168 75711 77256 77290 75644 77751
Hilo 4:77342 77316 77697 76222 76218 77153 78539 77708 77754 76447 79272 76332 77648 77125 75615 78646 77834 76329 77248 75981 75292 76906 77806 75516

cores: 6
Hilo 0:84811 85291 84872 85018 85508 84904 85863 85144 85641 84984 85581 85225 85108 85389 85249 86149 85831 85324 85566 86195 85968 85537 85718 84928
Hilo 1:86098 84807 85192 85301 84805 85330 85028 85135 85391 85380 85198 86094 85453 85711 85554 85496 85344 84701 85468 84822 85172 84972 85105 85063
Hilo 2:84786 85470 85477 85353 85307 85639 84751 85484 85810 85741 85514 84623 85566 85815 85230 86020 84992 86200 85330 85070 85736 84801 85167 84744
Hilo 3:85938 86258 85768 85431 85381 85479 86061 85430 85559 85810 85101 85920 85388 84812 85808 85324 85565 85858 85066 85933 85365 84778 85686 83852
Hilo 4:85158 84873 85491 84928 85175 85272 86081 85565 84622 86072 85270 85857 85786 85423 86256 85133 85369 85271 85249 85644 85654 86257 85254 84690
Hilo 5:85607 85415 86015 85627 85872 85922 85396 85387 85687 85071 86349 85772 85875 86022 85340 84814 85526 85595 85157 85287 85567 86209 85154 84316

cores: 7
Hilo 0:93590 93887 93850 94025 93897 93851 93845 93786 93826 93850 93507 93831 93858 93840 93865 93790 93792 93817 93332 93847 93806 93840 93841 93304
Hilo 1:93930 93780 94117 93867 93952 93490 93879 93917 93915 94242 94283 94229 94214 94229 93925 93914 93912 94141 94200 93954 93860 93794 93853 91779
Hilo 2:93692 93715 93735 93684 93895 94000 93726 93715 93812 96658 93732 93365 93711 93344 93758 93749 93848 93707 93900 93710 93720 93573 93950 93013
Hilo 3:93609 93336 93325 93335 93429 93630 93818 93310 93326 93434 93655 94098 93457 93606 93820 93333 93385 93578 93849 93896 93692 93685 93652 93365
Hilo 4:93929 93874 93970 94075 93560 93890 93880 93909 93922 93955 93861 93916 93805 93899 93882 93874 93892 93938 93859 93923 93947 93903 93924 92795
Hilo 5:93876 93932 93882 93934 93931 93932 93919 93904 93916 93943 93871 93900 93897 93891 93910 93892 93934 93905 93877 93561 93570 93743 93967 93003
Hilo 6:93770 93848 93782 93864 93855 93862 93332 93834 93749 93628 93920 93690 93900 94136 93618 93856 93751 93846 94110 93870 94072 93891 93515 93267

cores: 8
Hilo 0:93608 94133 93942 93904 93912 93831 94415 93966 93941 95999 93931 93862 93896 106184 93909 93912 94086 115907 94204 93898 93900 93844 93918 94227
Hilo 1:93891 93992 93799 93793 93797 93811 93822 93825 105399 128063 93694 93796 93796 93864 93845 94270 93832 93850 93837 93846 93819 93842 93796 93815
Hilo 2:187369 94050 94124 94153 93970 93859 93891 127945 93931 94032 93934 93869 94117 94213 94113 94134 96453 94151 94288 94009 94142 94290 94362 73943
Hilo 3:93807 93695 93715 93695 93706 93460 93601 93957 93710 94014 95874 93701 93710 93709 93717 134879 93864 93734 93726 93870 93729 93842 93791 93990
Hilo 4:93955 93310 93756 93831 93880 140537 116728 93652 93583 105705 93696 93646 93672 93737 93706 93655 93691 115496 93771 93776 93672 93745 93679 84623
Hilo 5:140637 93934 117046 93743 93800 116683 140809 94655 115987 93892 93886 93911 93900 93915 93890 103613 98920 93912 93848 93903 93901 101894 85331 62728
Hilo 6:93836 140543 93703 93929 93946 140488 140447 93835 94143 105094 163648 93936 93942 134977 93964 93704 93954 93936 93980 93925 93964 88621 65954 55977
Hilo 7:93479 93934 117319 93810 93714 93792 93711 93630 105487 93989 93813 163760 106127 93836 93300 93745 100844 98342 93753 93843 93836 93834 101299 73989

VM results:
