i7-4770-nada 4
VMs: 4

cores: 1
Hilo 0:51238 51236 49581 49675 49876 49671 49577 49575 49650 49616 49691 49707 49686 49679 49822 49663 49596 49668 49596 49564 49744 49659 49701 49998

cores: 2
Hilo 0:49747 49675 49864 50978 49796 49899 49741 49863 49681 49900 49903 49778 49848 50009 49974 49764 49992 49837 49991 49853 49801 49669 49885 49885
Hilo 1:50160 50383 50954 50052 50123 49738 50147 49599 50246 50152 50215 50093 50231 49745 50183 50107 50039 49799 50138 50236 50232 51152 50004 51207

cores: 3
Hilo 0:49590 50814 49983 50500 49777 49975 49746 98022 97962 49671 49750 49747 51378 49625 49644 98054 97887 49705 49704 49713 49699 52530 49801 49660
Hilo 1:50983 49619 49601 49682 49670 99416 98043 97948 49607 49697 49743 49640 51379 49651 98085 97864 49777 49848 49858 49773 52412 49579 49678 49664
Hilo 2:49759 49913 49978 49775 50582 99407 49884 49832 49801 49776 49898 49681 49958 50057 50025 49781 49796 49933 49725 49599 49852 49786 49851 49741

cores: 4
Hilo 0:50258 74477 56511 50002 50228 50272 49956 65738 73320 50282 50084 87312 96715 96923 50251 58332 50135 50381 52362 75933 67288 61659 50182 50225
Hilo 1:99208 49680 49614 49690 49786 49719 49644 49585 49730 49702 49727 99765 49662 49766 49731 49662 49674 49585 51906 58122 79331 49642 67801 52748
Hilo 2:99387 56633 49715 49755 49992 49744 65313 73010 49760 49762 62329 49824 96667 96912 49784 49608 64185 53400 99563 53079 61514 49724 49518 49757
Hilo 3:49725 74618 50024 49927 50021 50046 50067 50181 50160 50098 49922 49860 50006 49781 49716 49687 49635 49935 50019 49968 50137 50097 50027 50109

VM results:
