i7-4770-NTB 8
VMs: 4

cores: 1
Hilo 0:66750 65913 65325 66147 65458 65569 66297 67398 65797 66160 66614 65030 65166 66035 64574 67017 66218 65559 66034 65626 65432 65405 65109 65813

cores: 2
Hilo 0:72199 72194 72065 71733 72046 72798 72166 72202 72276 72265 71531 72814 72694 71675 72266 72518 72667 72133 71952 72512 72419 71899 72538 72349
Hilo 1:71982 72195 72200 72928 72023 72711 72494 71441 72530 71950 72745 72276 72393 72258 72326 72220 72992 71949 72243 72544 72604 72331 72446 72448

cores: 3
Hilo 0:79284 79398 79419 79478 79536 79559 79457 79510 79436 79498 79459 79400 79663 79335 79409 79499 79302 79316 79396 79332 79328 79356 79292 77902
Hilo 1:79472 79348 79289 79415 79380 79641 79171 79346 76685 79332 79303 79272 79169 79305 79429 79247 79315 79823 79495 79748 79196 79335 76159 78350
Hilo 2:64703 80237 80310 79466 79600 79567 79910 79957 79923 78493 79633 79753 80477 79260 79910 72464 80090 79842 79745 79645 80101 79870 73513 79533

cores: 4
Hilo 0:79405 82030 79795 86147 80829 80059 84505 83373 118529 79544 149589 81587 79531 83691 86023 82274 88138 84718 84581 99145 157934 67882 66412 66502
Hilo 1:84440 79533 79510 79700 79454 79341 79368 79297 79566 79532 79534 79472 79404 79524 79401 79842 79372 79477 79387 78829 84613 79506 87242 78138
Hilo 2:77934 79163 79553 78139 79062 79250 79637 79457 79454 79961 79411 79497 79537 79364 79608 77905 78062 79830 76851 79476 79525 79430 88496 79511
Hilo 3:79349 79364 79236 79323 79636 79597 78615 78706 79522 79225 79470 79510 79336 79272 79327 79274 79666 79314 79190 79159 66139 79273 79165 79479

cores: 5
Hilo 0:84596 68697 68768 68555 68652 68706 68704 68631 68633 72122 68707 67472 66068 69728 68663 68657 77327 75519 83557 78421 79026 79168 79083 78436
Hilo 1:68811 87802 80555 79414 79291 91464 79366 79427 79355 85904 79467 79558 79459 79375 86907 79275 83981 79282 79388 79499 79452 79375 79375 79410
Hilo 2:79232 79627 83344 79449 79291 80157 79375 79385 79361 79291 79342 79324 80280 83204 86940 76766 77695 77642 78713 78607 78363 77778 77666 76584
Hilo 3:80112 86755 79732 80045 81880 87426 80031 79794 79769 85360 79617 80231 83766 80032 80193 79762 79990 80493 79707 80096 80081 79986 80180 78754
Hilo 4:260098 260168 260536 107297 260005 129487 86222 86558 81279 82390 85057 85984 89735 73997 67035 66349 66478 66499 65848 65832 65994 65823 65274 66744

cores: 6
Hilo 0:79615 116827 88816 96504 79411 79452 79327 79405 79391 131914 79454 79418 79383 79515 97973 79542 79449 120885 79558 79700 79466 79488 79514 79519
Hilo 1:79542 116623 79671 84121 98508 79395 79488 82435 117100 79528 90660 80019 79717 79318 79512 79408 129625 105983 79635 79777 81211 96236 79539 78990
Hilo 2:79211 79504 89226 100315 147172 95232 81641 79489 131963 89934 79274 79349 79516 79230 85463 144266 125816 104547 91578 85698 79601 79143 71158 67729
Hilo 3:64746 64756 64794 64702 64801 64789 64922 64810 64774 64833 64747 64698 64839 64780 260047 64875 64936 64939 64885 64843 64885 64712 64865 97330
Hilo 4:79325 80355 79590 79343 79372 128133 100742 94591 79395 79440 79417 79333 79435 79442 117469 79373 79364 79398 125824 79555 89875 100807 81336 79595
Hilo 5:79479 79343 79426 80487 79962 79469 79519 85804 131602 79420 79474 79427 79252 79339 93436 79555 79521 79445 79374 79404 79482 79426 79374 79270

cores: 7
Hilo 0:80000 80226 80151 82823 79889 79763 126578 79976 80077 79972 79721 80160 79676 154011 111392 83798 79870 79747 87561 79642 79389 80126 79931 80083
Hilo 1:79586 260127 260123 260249 260024 260263 260140 259988 169691 68213 72555 70261 65927 66125 66330 65450 66573 66397 65747 65794 65705 65935 65534 66421
Hilo 2:79428 79401 79826 79471 79470 107684 79597 109729 79454 79543 79484 79450 79492 153976 109458 79457 129398 79519 95971 79622 79462 79464 83750 79781
Hilo 3:79559 79528 79663 79428 81998 79347 79520 79476 79446 100249 79458 79504 116853 79421 91360 79351 79510 79379 79575 123612 79472 79660 79305 79511
Hilo 4:79504 79960 107123 79602 107769 116574 144466 100236 124480 116804 93023 91559 81075 83260 129469 83761 96197 79490 79509 79567 79351 79346 74843 72947
Hilo 5:64891 67756 68663 101389 68714 68611 68627 68652 68742 68643 68673 68670 68726 68695 68743 68785 68608 68885 68739 68765 68780 68669 68752 68674
Hilo 6:79400 79449 79329 79419 79721 79491 79367 89230 114150 79450 124554 79340 79352 93099 79507 79421 79515 79497 79371 111637 79980 79464 79430 79566

cores: 8
Hilo 0:79441 119197 79414 79569 79383 79687 79399 158925 79553 79439 79438 79297 79460 79485 87274 90789 116303 79492 79323 79413 79327 79405 79226 78699
Hilo 1:80598 149275 80018 80074 80194 80082 99558 80281 119679 80017 140626 80154 80281 80526 80081 79709 83474 92140 79972 159030 123717 109428 81046 79835
Hilo 2:260216 260130 260673 260081 260192 260131 181913 150774 79889 105847 79846 79551 92316 66774 66238 66701 66486 65528 65800 66670 66523 65876 66737 66944
Hilo 3:158902 79353 79440 79538 79370 79411 113434 79337 106929 92432 140488 79401 79426 139303 90922 103509 79409 79462 79415 79376 117115 79477 81201 91597
Hilo 4:79756 79586 79411 153137 79493 79406 79502 79572 79400 92557 79578 88273 79433 79496 158800 112171 89566 79468 79680 87160 79684 79751 79865 79578
Hilo 5:153349 79267 153031 111667 79456 79182 80165 106832 135944 144602 79412 90708 79482 79524 79558 136744 83132 79205 86875 103112 80663 79196 79370 78821
Hilo 6:68821 68839 68859 68936 68659 68779 68816 68723 68737 68831 68630 115227 68730 68768 68607 80998 68795 68833 68771 68697 68704 68720 68647 68760
Hilo 7:79422 79290 115108 79546 79470 111676 79368 145098 79411 144720 144609 90069 79346 79475 113328 79402 124183 82086 79525 79380 79403 108242 79334 79473

VM results:
