i7-2600 8
VMs: 3

cores: 1
Hilo 0:58401 57296 57124 57066 57168 57064 56951 58068 57011 57445 57163 57057 56992 56974 56753 56750 57054 56845 56981 57157 57178 56766 56978 57189

cores: 2
Hilo 0:68394 68578 68211 69254 66383 68809 67852 70542 70046 68687 68448 65449 67807 68247 69483 68825 66398 67972 72025 69780 67178 70080 69675 66995
Hilo 1:69928 68982 69364 68449 70181 67422 67015 68923 69384 68449 72331 69690 68768 69580 69077 66989 68835 69294 68452 66929 69088 68634 66689 66019

cores: 3
Hilo 0:77765 78844 77014 77352 78783 78498 77693 79355 78656 77097 78237 77563 79174 77578 78470 77009 79221 77844 78777 77169 78098 77709 77316 77448
Hilo 1:78016 77266 78231 77858 79515 78856 78703 78098 76795 77244 76486 77401 78610 78530 76776 77309 77424 78455 77324 77751 78928 77602 77764 76658
Hilo 2:76901 77540 77561 77450 78591 75670 77984 76885 77731 79187 77659 79209 77714 78202 78289 78818 77595 77600 77886 76991 77311 77905 79843 78752

cores: 4
Hilo 0:85924 85533 84546 85298 85492 85736 85725 85929 85803 85373 84970 85292 84976 85041 86086 85419 85174 85250 85599 85713 84728 85707 85116 85078
Hilo 1:85951 85172 85795 85571 85486 85671 85516 85908 85404 85615 85502 85392 85821 85410 85415 85546 85733 85785 85702 84755 85365 85932 85244 84607
Hilo 2:85228 85223 85133 85684 85806 85420 85356 84678 84933 86218 85784 85910 85342 86307 85150 85563 85395 85214 86165 85971 86400 84997 84920 85568
Hilo 3:85378 85537 85501 84808 84986 85263 85698 84853 85505 85532 85126 85816 85588 85241 85110 85812 85709 85029 85374 85329 85124 84782 85870 85898

cores: 5
Hilo 0:93222 94152 95511 94043 94058 93588 92885 93083 94087 94087 94068 94140 94043 93475 95868 94166 94021 93765 94057 93954 93457 94154 94110 92718
Hilo 1:95872 94176 94058 93986 94230 93949 94256 93781 94104 94036 93941 94231 93946 94132 93778 93878 94171 93915 94301 93727 93910 95652 93916 92301
Hilo 2:93908 94340 94341 94426 95787 94524 93904 93855 93256 93914 93917 93867 93886 96130 94070 93936 93944 93938 93944 94304 94295 93952 93928 91871
Hilo 3:93463 93814 93385 93805 93348 95696 93865 94070 92950 93072 93041 92889 93031 94092 93519 93461 93836 95892 92896 93200 96064 93612 93256 95684
Hilo 4:93313 93761 93830 93787 93881 93617 94017 93724 93809 93725 93729 93749 93765 93399 93793 93816 93402 93559 93767 93366 93811 93399 93752 93517

cores: 6
Hilo 0:93732 93842 93746 93793 93703 93780 93740 93735 93753 93727 93741 93705 93826 93885 93826 93860 93962 93794 93727 93700 93820 93743 93667 95566
Hilo 1:93640 94059 93634 93608 93633 93653 93701 93662 93130 93625 93683 93645 93689 95866 93690 93508 93856 93662 93711 93635 93664 93698 94845 93237
Hilo 2:93818 93183 93339 92816 95294 93077 93092 93163 93424 92991 92844 95384 92961 92787 93075 93023 182457 92767 93139 95485 92963 92910 99138 86046
Hilo 3:94126 94425 188076 93600 94206 93474 93682 93609 93615 183261 93661 186934 93328 93491 93276 150502 93628 93573 93609 94168 90532 75337 70546 70434
Hilo 4:94391 94684 188072 94466 94249 94703 94437 94646 94420 183275 94354 184713 94449 182234 94301 94546 94326 94602 94620 94120 84659 66943 65302 65399
Hilo 5:94636 94005 94417 94494 94382 94413 94355 94388 96205 94402 94578 94339 94595 94290 94416 94433 94448 94353 150209 94358 94350 94279 99455 87519

cores: 7
Hilo 0:93758 94054 93379 96134 111327 104547 96416 96038 97835 100922 103355 96035 96366 96015 96363 95963 96155 95651 95910 94565 95954 96374 96131 96445
Hilo 1:93714 93546 93593 142876 93993 94029 93990 93983 93913 142584 93813 94008 94041 94007 93934 93851 130936 93857 93913 94017 94057 94010 94032 93605
Hilo 2:194094 137166 93816 93776 93727 93772 93758 93856 93701 94077 94057 93979 93838 93763 93837 121963 93772 93797 93723 93734 93780 93802 93770 82364
Hilo 3:93590 93247 137854 142728 93209 93239 93167 93200 93150 115133 93319 93179 93206 93213 93220 93240 126205 93450 93596 93379 93203 93177 93263 93243
Hilo 4:110721 92833 92953 93523 115673 93545 93513 93489 93640 120168 93550 93612 93576 93433 93509 103721 107671 94260 93475 93020 93596 93379 93376 93360
Hilo 5:110864 200675 101167 94093 94099 94088 94047 94093 93475 94556 94069 94089 94047 94064 94050 94073 94074 94627 94078 94064 94148 94058 94163 94046
Hilo 6:149648 181514 94296 94539 94484 94322 94743 94352 94718 94274 94588 94273 94555 94730 94335 94322 94238 94539 94417 94305 94651 94302 94587 88551

cores: 8
Hilo 0:94363 94793 94619 94612 94672 94681 93951 93966 94637 94703 94646 94680 94669 94671 94612 94712 94647 94695 94719 94637 94697 94622 94727 94620
Hilo 1:95397 99753 138915 138966 95853 105903 93731 99948 95869 96125 121637 95745 188689 127034 95791 117324 95944 95980 95748 96058 95753 103234 85895 75878
Hilo 2:94460 93278 93403 93689 93472 93294 183381 93973 94013 93585 93593 94003 93414 93582 93537 93784 93983 93611 94024 127543 94022 94001 94066 135481
Hilo 3:93767 93758 164356 93710 162361 93729 93778 93760 93733 93733 93716 93754 93753 93745 93723 93772 93743 93702 93707 93727 93685 93719 93734 93829
Hilo 4:93719 94054 97393 93649 93663 93674 184969 93648 93647 119747 94782 93669 110919 93689 93685 93703 93643 106589 93642 108405 93626 93640 93496 125057
Hilo 5:93995 93490 93656 119974 93639 93593 174965 93591 93633 93538 93655 93592 116854 93519 93794 100138 93661 93663 93617 108420 101549 93637 93630 106624
Hilo 6:188566 93837 137876 162567 93656 100054 94030 120130 121500 94020 101601 95017 126214 94096 134993 94029 93942 119612 94003 94021 94240 92054 78195 65194
Hilo 7:188516 94359 94385 94414 94756 183364 94642 94430 94699 94386 94690 133433 149623 94435 94736 94352 94429 94665 94411 94661 94401 94688 101230 78625

VM results:
