e7600 2
VMs: 0

cores: 1
Hilo 0:75645 75551 74521 74537 74521 74522 74521 74506 74521 74553 74521 74506 74678 74630 74522 74521 74521 74506 74506 74521 74521 74506 74521 74522

cores: 2
Hilo 0:75067 75005 75036 75068 75145 75161 75114 75145 75083 75115 75098 75099 75067 75067 75036 75239 75068 75114 75083 75083 75051 75021 75067 74990
Hilo 1:75052 75020 75083 75176 75005 75021 75020 75504 75005 75005 75036 75083 75052 75067 75099 75067 75411 75052 75083 75020 75052 75020 75130 75083

VM results:
