i5-660 4
VMs: 2

cores: 1
Hilo 0:75001 76776 73111 74373 74362 74902 73262 71904 72565 73688 73334 72337 73442 74715 71583 74374 73070 73235 73038 73508 73993 71958 72021 70929

cores: 2
Hilo 0:94390 93246 93838 93825 93701 93635 93607 93488 93673 93193 93149 93111 93042 93262 94608 94645 93173 93143 93074 93040 93147 93127 93133 93857
Hilo 1:94144 93901 93349 93369 93417 93387 93421 93408 93418 93949 93275 93880 93605 94125 93792 93802 93121 93168 93190 93117 93181 93277 93225 94136

cores: 3
Hilo 0:93898 164188 128749 125977 94428 126283 125367 94072 93917 126720 93842 93994 128023 124746 94206 93839 121851 93739 127660 93829 127443 93586 93670 79708
Hilo 1:93198 141026 94076 93644 108326 93289 93493 93856 93809 93604 93787 93665 93786 93598 93292 93207 93812 93848 93265 93641 93203 93189 93240 93371
Hilo 2:93815 93761 152302 111343 94114 126076 125497 94480 94533 127246 94285 94062 127936 124593 94021 94065 121621 94147 128196 94565 127987 93291 93452 93322

cores: 4
Hilo 0:186590 94028 94028 94001 95500 97881 94141 94553 94694 127435 94578 175004 139285 94039 93971 93958 94010 123574 157379 93988 154961 101938 83422 73089
Hilo 1:94125 94226 94220 94491 94433 99529 103964 103567 93838 93625 93667 94097 174902 93724 94068 94041 93740 106007 140701 157323 93747 107264 93519 137376
Hilo 2:186526 93984 97005 94069 94082 94158 94082 94010 94073 93900 94111 93973 93908 94027 93994 94081 94406 94324 94487 94485 94221 94416 94412 94420
Hilo 3:94519 94420 97589 94643 101326 107338 104383 94936 94716 127536 94318 94118 93756 139285 94611 94462 106632 94597 93802 110657 94038 108358 155264 144990

VM results:
