i7-4770-nada 4
VMs: 0

cores: 1
Hilo 0:49058 49059 49105 48965 49028 48792 48614 48654 48578 48567 48583 48583 48564 48565 48596 48596 48752 49095 48706 48596 48611 48610 48548 48595

cores: 2
Hilo 0:49266 49187 49546 49141 49124 49141 49187 49124 49000 48984 49093 49033 49938 49595 49065 49049 49017 49001 49095 49047 49016 49110 49016 49031
Hilo 1:49266 49187 49531 49140 49140 49141 49187 49124 49000 48969 49108 49033 49923 49595 49064 49049 49018 48985 49110 49047 49016 49110 49016 49032

cores: 3
Hilo 0:50419 50513 50545 50482 50559 50514 50513 50795 50657 50580 50657 50579 50595 50704 50608 50577 50531 50514 50546 50546 50529 50498 50514 50498
Hilo 1:50419 50529 50544 50482 50560 50529 50513 50811 50673 50610 50595 50611 50610 50719 50609 50546 50530 50515 50546 50545 50561 50498 50529 50499
Hilo 2:50419 50498 50544 50482 50560 50529 50528 50811 50642 50579 50626 50580 50595 50688 50593 50546 50530 50546 50530 50546 50529 50514 50514 50513

cores: 4
Hilo 0:51153 51169 51184 51169 51139 51170 51232 51170 51279 51045 51153 51169 51075 51154 51091 51075 53040 51122 51387 51122 51122 51122 51168 51106
Hilo 1:52105 51902 51496 51824 51342 52184 51201 51326 52106 52480 52042 51871 52667 51325 51387 52370 52900 52058 51933 51434 53337 51075 51230 50560
Hilo 2:51169 51808 51262 51294 51076 51404 51326 51217 51186 51403 51262 51232 51169 51247 51263 51153 51403 51246 51621 51294 51153 51121 51184 51075
Hilo 3:51200 51153 51278 51216 51154 51295 51981 51279 51076 51076 51153 51169 51044 51169 51107 51075 51153 51122 51028 51371 51294 51184 51153 51012

VM results:
