i7-4770-NTB 8
VMs: 1

cores: 1
Hilo 0:55580 55543 55542 55490 55487 55484 55487 55488 55486 55476 55474 55468 55473 55471 55473 55472 55473 55465 55476 55482 55483 55482 55487 55484

cores: 2
Hilo 0:55981 55828 55938 55881 56052 55986 55863 55910 55879 55941 56073 55971 56055 55963 56023 55942 55957 55976 55983 55901 55908 56135 55967 56099
Hilo 1:56093 55981 56033 56105 56149 56063 55989 56039 56044 55997 55957 55936 55954 55859 56015 55896 55944 55967 55967 55892 55852 56038 55956 56052

cores: 3
Hilo 0:56217 55680 55861 55828 56142 55765 55740 55789 55783 55752 55830 55805 55840 55764 55768 55836 56257 55792 55810 55775 55894 55807 55755 55880
Hilo 1:56491 55831 55829 55721 55843 55837 55757 55798 55823 55813 55862 55816 55821 55838 55739 55837 56350 55871 55859 55880 56180 56002 55947 55866
Hilo 2:56413 55816 55861 55875 56009 55811 55782 55714 55812 55762 55853 55774 55818 55798 55655 55863 56136 55872 55808 55841 56147 55853 55883 56056

cores: 4
Hilo 0:63880 61541 64983 63440 63016 64096 62384 61935 63226 61459 58993 62126 60437 60937 64331 63393 61544 62012 62127 63201 64083 61847 63788 63760
Hilo 1:63829 62192 62441 63952 63932 62955 64211 62655 60865 63162 63459 63268 64801 63352 63613 63330 61898 62708 63415 64351 60105 62624 60706 61098
Hilo 2:62973 66543 60931 62399 62140 63096 61907 62171 63590 64446 63884 61531 63902 64486 63336 63369 62777 62952 62337 62428 63403 63241 64097 61268
Hilo 3:62862 63169 63819 63152 63009 63953 63888 63825 61762 63535 65135 62480 64066 64124 61401 63151 63778 65064 66155 63995 64530 64531 64108 61481

cores: 5
Hilo 0:69254 71428 69651 69452 70474 69817 70814 70074 67065 69012 68902 68503 69899 68895 68549 69711 67233 68215 69069 66609 67711 68015 69666 71116
Hilo 1:70032 68297 71195 69555 67190 68203 69912 71582 70642 69148 70587 69151 68248 68719 68017 69295 68929 70465 69296 70401 66450 69277 69672 68618
Hilo 2:69594 70592 70205 69037 68200 67819 69360 68182 70280 72086 72034 70171 69527 69512 69529 68653 68474 68464 69449 67327 69703 68591 67277 69366
Hilo 3:68933 68598 69059 67857 71672 69132 70020 68740 70483 69069 68914 69162 68342 69068 70552 69773 69171 69342 68071 70657 69513 69987 70722 67280
Hilo 4:69871 68426 68915 70508 70334 70622 70324 67710 69063 68649 65997 67734 69579 68207 69280 69767 69442 68852 70967 69180 70929 71217 68939 68196

cores: 6
Hilo 0:74797 75455 74638 74537 74301 75229 74080 73761 74286 73981 73599 73559 75461 74918 75122 74854 74024 73905 74450 74177 74898 74512 73753 74930
Hilo 1:74593 73632 73777 74115 74106 75096 74814 75095 74141 75042 74609 74633 74598 74755 74700 74732 74570 74335 74614 74552 74051 75127 74104 73991
Hilo 2:74771 73993 74820 74300 74328 73502 74862 74275 74970 74255 74983 74677 74922 73521 73483 73632 74669 75392 74482 74856 74251 74374 75181 74436
Hilo 3:73763 74839 73578 74868 73908 73868 74148 75511 74232 74285 74521 73950 75036 74491 74583 75022 74335 74456 74399 74160 74458 74339 74519 74779
Hilo 4:75040 73707 74868 75253 75157 74500 74894 74557 74938 74027 74270 75059 74856 74657 74396 74170 74388 73496 73982 73835 74337 74516 74345 74380
Hilo 5:74190 75075 74791 74334 74523 74489 73721 73906 74178 75135 74632 74869 74821 74981 74444 74874 74630 74621 74904 75373 74906 73738 74064 73149

cores: 7
Hilo 0:79239 79308 79313 79295 79405 79666 80312 79543 79310 79578 79589 79439 79324 79426 79490 79636 80020 79600 79443 79403 79581 79740 79784 78926
Hilo 1:79363 79355 79223 79295 80352 79318 79275 79647 79577 79448 79403 79505 79587 79431 79405 79372 79336 79459 79302 79450 79419 79293 79322 79340
Hilo 2:79406 79417 79358 79452 79528 79678 79761 79557 79523 79438 79359 79466 79374 79375 79500 79451 79989 79448 80049 79554 79451 79597 79555 78841
Hilo 3:80064 79447 79316 79433 79351 79311 79346 79628 79267 79314 79383 79497 79328 79435 79309 79329 79375 79399 79236 79305 79433 79314 79328 79414
Hilo 4:79415 79138 79210 79384 79164 79324 79315 79303 79328 79348 79280 79318 79473 80037 79316 79241 86486 79343 79335 79229 79401 79306 79544 78231
Hilo 5:79356 80227 80264 80140 79314 80080 79562 80191 80065 79928 80044 79596 80278 79407 79946 79964 79773 79840 79465 79650 80406 80310 80364 76697
Hilo 6:79309 79461 79315 79396 79422 79490 79645 79410 79504 79477 79503 79383 79476 79439 79485 79747 79390 79322 79585 79427 79646 79458 79491 79336

cores: 8
Hilo 0:79328 79365 79352 79344 79353 79583 82064 80598 79643 79423 84350 158926 79316 80888 111277 82659 79400 79358 81257 79357 79684 97725 79421 78395
Hilo 1:79325 79462 79577 79236 79557 79507 79462 89220 84027 80294 108676 79351 79571 80990 96367 91696 123006 91015 79543 79532 79481 79401 79457 79388
Hilo 2:158832 158937 113678 110411 80696 79611 79902 84367 82519 79322 79310 80906 84162 81330 79564 124427 80494 95146 97622 98862 79378 71653 55921 55623
Hilo 3:79416 79458 79425 79377 79421 84524 95058 151011 80354 80171 155983 79377 96155 81568 112351 113526 91617 96378 88595 79441 102795 76605 59764 55701
Hilo 4:79285 79423 79335 79335 79418 79385 79412 81111 79349 79379 80709 82543 79459 79424 98645 81231 95358 79335 79460 80692 79418 96148 79397 79881
Hilo 5:80098 79290 79422 79164 115387 79452 93834 79268 79413 109049 79286 79345 79543 79283 91546 79359 87650 89724 112711 110704 79443 79419 93475 73433
Hilo 6:79500 80079 80161 80449 80148 80377 79993 159081 84220 80153 82308 80123 79991 97410 95277 92920 80668 96973 94535 95342 87489 79519 90133 64533
Hilo 7:158834 158875 79433 79378 79406 79499 79465 79404 79328 79443 79375 79384 79403 79523 79689 79668 79422 79383 79618 79526 79373 79436 79366 76532

VM results:
