i7-4770-NTB 8
VMs: 3

cores: 1
Hilo 0:60624 60434 60363 60071 60081 60661 61360 60738 60317 60672 60254 59901 60340 60191 59976 59423 59112 60238 59812 60520 60456 61013 60068 59622

cores: 2
Hilo 0:66824 66620 67865 65759 66880 66894 66932 67479 67677 66564 66293 67615 65930 66910 66444 66281 66282 66674 67003 67579 66459 67071 67327 66355
Hilo 1:66593 67626 65815 65884 65872 66162 66899 65105 66816 67121 65541 66825 67217 66621 66512 66589 66274 66778 65909 66096 67257 65411 67286 67035

cores: 3
Hilo 0:71858 72389 72433 72440 72879 72354 72482 73599 72240 71943 71740 72214 72695 72789 72638 71514 72574 72403 73052 72397 73574 72107 72187 72642
Hilo 1:72873 72796 72614 72350 71868 72573 73070 73747 71729 72699 72167 71871 72728 71907 72103 72015 72223 72645 72053 72632 72495 72735 72134 72241
Hilo 2:72093 72015 72575 72104 71870 71637 71873 73510 73063 72540 72268 72861 71872 72426 71458 72928 72259 72029 72406 72242 73070 71872 71820 72344

cores: 4
Hilo 0:79841 79216 79289 78740 79495 79282 79436 79437 79363 79330 80419 79379 79241 79452 79238 79328 79443 79416 79256 79320 79175 70134 79221 68014
Hilo 1:79275 79470 79275 64595 79258 79367 79930 80340 80305 80220 76720 76095 79779 69443 68075 68694 79562 68174 79928 70237 79700 80138 79987 79524
Hilo 2:70781 79525 78718 77226 79355 75899 64764 79429 79341 79490 79364 76969 67320 72820 79364 79237 79406 79342 79196 79457 80104 79549 79470 79622
Hilo 3:79322 79458 64652 79842 79333 79259 79462 79181 79317 79383 79468 79672 79314 72762 79532 79373 79591 73816 74887 79435 79416 68783 79381 76740

cores: 5
Hilo 0:83201 80020 79542 79502 79532 80620 79452 79514 79952 79495 79625 79688 79510 79513 80719 79462 79436 83457 79401 79508 79480 79328 84550 76899
Hilo 1:79936 79642 79153 79762 79364 80219 80170 79818 79860 79850 69299 85764 79329 79845 80300 84521 80100 80086 93812 79308 79296 84281 79387 76366
Hilo 2:78876 79564 64756 64826 64788 64770 64748 64768 64769 64728 64763 64690 82358 64759 64612 64703 64664 64786 64892 64795 64763 64865 66513 64705
Hilo 3:79787 79618 79413 80251 79329 79222 79327 79933 79962 79332 79360 86625 79400 79259 79316 79671 79287 83557 94995 79369 79359 79272 79435 75450
Hilo 4:78331 79573 79675 79383 80280 79422 80033 79516 79407 79454 79356 79359 80057 79265 79337 83124 79154 79217 80013 79392 76562 79284 71791 79947

cores: 6
Hilo 0:79481 79953 80006 79487 79872 80074 79750 79899 79570 80301 80217 80175 99590 79891 79517 79504 79776 80390 90037 97062 113273 80284 79476 76338
Hilo 1:119335 79483 81350 120359 86074 114305 141433 79469 81337 85563 80220 113497 136471 105540 96666 79480 79517 80022 83566 160924 67446 61960 60214 60141
Hilo 2:79432 79339 79305 79434 79652 79396 79978 163109 79397 79295 79347 79905 79396 167662 79398 79253 79343 79453 79340 109452 79259 83232 75176 65730
Hilo 3:79659 79675 79754 78247 79215 78121 78266 79832 79617 79630 79720 78004 79354 79646 78821 79337 78503 79208 89164 79499 79607 83163 79588 78089
Hilo 4:79260 79394 79385 120035 79278 91804 79452 79598 79344 79319 79326 99433 79340 79163 79246 79445 77670 79489 97546 79350 80288 78423 112321 72819
Hilo 5:119136 79708 79328 78732 79039 77974 79626 79571 79562 79719 79086 78508 79516 79713 78878 78794 78464 117615 79546 79527 79419 79154 78360 79288

cores: 7
Hilo 0:79495 139095 79428 84520 90174 92047 79514 101558 92162 79537 79497 79554 79464 79518 79543 79956 84220 158724 79434 79412 79418 81096 80111 76248
Hilo 1:79434 78611 100669 84568 79276 93919 86721 79542 88832 93231 79517 79462 79506 79537 88012 79527 89328 84203 79376 79419 79489 82425 97066 99625
Hilo 2:79251 80072 79494 89933 79601 87104 81446 80193 80103 123343 79954 80344 79884 80007 81210 123605 79370 79928 80089 80492 96964 96603 87601 90377
Hilo 3:79397 82815 82091 79432 79452 79502 79318 79443 79367 79426 79537 79350 79407 79343 79485 79530 79730 79976 80193 79575 79363 79401 79400 79424
Hilo 4:79396 139009 89679 128765 86793 79366 79611 79482 79348 142877 142660 79493 79412 121751 82707 153383 79589 110704 111683 85507 76858 67844 62236 59485
Hilo 5:119156 79417 79479 79478 94163 90043 80390 79428 97473 92760 79551 79768 79605 79694 79612 79585 79777 79613 79806 79791 79741 96716 79616 79460
Hilo 6:119359 79390 79375 128645 91075 79246 79395 88907 80068 142796 142648 88727 91352 79358 82121 84915 79473 79448 98880 84642 79180 112084 70683 66745

cores: 8
Hilo 0:159091 72539 72593 72613 72559 73545 72616 72691 72610 72560 72592 72567 72515 72626 72532 72560 72677 72608 72695 72602 72557 72628 72669 72584
Hilo 1:119697 118856 79378 92001 103116 79398 81660 86731 97476 129762 79475 79462 79468 109468 79650 79917 79424 79400 79425 111461 86534 79437 79484 79123
Hilo 2:80039 79431 79415 89528 136240 79457 81704 80460 79334 83474 79181 79395 99244 79473 79510 80654 79326 79812 107900 79414 80963 79493 79344 92187
Hilo 3:79686 119001 109570 89467 100516 83085 79504 88829 79662 129743 105207 142051 80274 80588 80351 80115 79637 105463 81356 145585 132230 80275 75219 72481
Hilo 4:80043 79461 140020 140132 145462 140111 140041 140309 140258 140427 140236 139978 140126 139911 139763 105015 113577 73200 68920 63565 60094 60478 60327 60580
Hilo 5:159078 79409 79558 79350 85672 79385 128560 106007 105902 80024 98170 142056 79433 144411 134291 105843 92072 79315 119899 112711 79336 73317 71618 67654
Hilo 6:120027 79505 79546 79549 98786 100575 130950 125148 79386 79577 99685 79520 79423 79362 79981 86490 79343 79375 79735 80302 103965 79494 79756 116903
Hilo 7:79657 79938 99406 84157 79340 82702 79414 79789 79803 105753 83728 86849 79436 79230 108989 144414 125304 79306 80319 109587 86192 86489 80020 79460

VM results:
