i7-4770-NTB 8
VMs: 1

cores: 1
Hilo 0:55528 55529 55470 55468 55471 55549 55514 55563 56076 55962 56000 56030 56126 56058 56199 56039 56017 56036 56189 55912 56014 55983 56134 56004

cores: 2
Hilo 0:59446 58933 60207 60504 59665 58625 59722 60436 58577 59402 58981 59590 59043 59758 59832 59530 59083 59133 58991 60199 60274 60217 59935 59422
Hilo 1:59468 59145 60008 59922 59477 58468 59766 60377 58273 59368 58891 59752 59448 59176 59397 59954 58975 59096 58608 60386 60018 60487 59841 59251

cores: 3
Hilo 0:64033 63415 64899 66824 63901 65124 63947 66074 66234 64539 63348 64138 63201 66572 65661 64729 63107 66082 63712 62240 65332 65987 63093 64600
Hilo 1:62901 64314 64815 65733 64412 65774 63572 65677 64939 64456 62690 63522 62069 65583 65988 64452 62857 65426 64789 62541 65951 65863 62874 65084
Hilo 2:63753 63997 64832 66069 64486 64749 63400 65199 64550 63345 63915 62331 62451 64811 65863 64218 63215 65802 65420 62436 66220 66721 63233 65895

cores: 4
Hilo 0:64924 65225 65461 66875 65284 65617 65456 64393 65036 65125 64630 65660 64938 65591 64800 65226 66200 66696 64682 65582 66272 65012 64900 65302
Hilo 1:66734 66004 66105 66918 64323 66157 65659 66671 65443 66543 67890 67017 66858 67423 65869 65634 68594 66608 66850 67033 65406 66854 66420 67205
Hilo 2:66063 65224 65436 67026 64925 64822 66919 66549 65892 66702 67595 66049 66280 66737 66867 66961 67502 68308 67381 66970 66046 65519 66881 66378
Hilo 3:66243 66628 66522 67640 64445 65582 66335 66510 65961 66493 67329 66361 65813 66487 66664 65494 67627 67434 65899 67252 65200 66336 68548 66518

cores: 5
Hilo 0:71822 70178 70830 71096 71220 70341 70878 70180 70537 68673 69113 69885 71187 69529 69765 69198 69758 70515 69681 70683 70429 70362 71471 69592
Hilo 1:68772 69749 71297 70051 72001 69327 68850 69061 70454 70562 70578 71583 68295 68497 70479 70193 70647 71626 70102 70059 70819 69519 70223 70294
Hilo 2:69994 70789 72265 69442 72204 68858 71775 70313 70312 71005 70126 71385 69342 68819 69985 70204 70290 71981 70929 70121 70211 68667 68314 71464
Hilo 3:69337 69231 71079 71814 71501 69857 70873 70022 69495 68522 69751 71356 71142 71749 70502 69461 70383 71482 70648 70527 69213 70849 71155 68890
Hilo 4:67142 69613 70252 68881 67117 67486 68908 70330 70471 69407 68001 68891 68764 69166 68320 69404 69274 69154 67961 68223 68838 68683 69796 70419

cores: 6
Hilo 0:75026 74496 73838 74054 74822 73895 72650 75091 73694 74365 74476 74324 72915 74064 73719 74590 73873 73896 74606 75130 74383 73918 74454 73354
Hilo 1:74870 74630 74219 75037 74604 73551 74850 74591 74115 73121 73779 74526 75717 74143 74686 73927 74458 74324 74739 74894 74494 74692 75115 72826
Hilo 2:75291 73499 74305 73945 73808 74301 73542 73777 73631 73547 74279 74013 73791 74080 74437 74022 74160 75607 73222 73486 74358 73556 74442 74441
Hilo 3:74620 74880 74063 73539 74900 74816 73344 74051 74349 75250 74882 74408 74225 74034 73329 74450 73217 73524 74307 73499 74750 74046 74373 74103
Hilo 4:74620 74860 75112 73633 74635 73021 74450 74866 73569 74485 74719 74823 73599 74440 74608 74956 73943 74136 73462 74349 74149 73997 74279 73449
Hilo 5:75353 74060 74430 74210 74308 74394 75202 74067 74552 74158 73650 74410 74441 74299 74093 74835 75575 74902 74614 74675 74089 75176 73430 71735

cores: 7
Hilo 0:79277 79310 79201 79279 79441 79389 79592 79253 79327 79276 79131 79316 79285 79003 79170 79320 79850 79285 79086 80086 79264 79215 79346 79297
Hilo 1:79199 79326 79341 79529 80158 79514 79524 79602 79342 80412 80632 79744 79403 79580 79467 79280 79375 79691 79455 79654 79451 79402 79658 78393
Hilo 2:79199 79263 79310 79280 79519 79606 79377 79375 79233 79116 79448 79311 79227 79206 79342 79596 79278 79222 79417 79332 79389 79355 79611 79376
Hilo 3:79057 79248 79341 79295 79160 79373 79389 79503 79311 79190 79264 79231 79557 79237 79264 79734 79655 79207 79258 79320 79187 79168 79253 79500
Hilo 4:79136 79435 79372 80192 80603 79841 80582 80603 79748 79429 83019 81910 79702 79127 80204 79638 80410 80120 80484 79592 80402 79636 79502 75226
Hilo 5:79154 79341 79357 79248 79270 79326 79495 79412 79358 79186 79581 79374 79367 79143 79279 79400 79318 79753 79349 79479 79686 79230 79955 79235
Hilo 6:79899 79200 79295 86231 79337 79326 79332 79233 79202 79460 79290 79299 79349 79580 79857 79339 79428 79391 79658 79358 79201 80790 79347 77768

cores: 8
Hilo 0:79245 158618 117966 79310 79397 79357 79264 79326 79357 79264 79326 79389 85847 148195 111654 96819 108386 79357 88020 79748 79289 71913 62122 55471
Hilo 1:79401 79278 79263 79215 79389 79497 79147 79233 79232 83757 87547 83351 90122 79295 81636 79211 79093 79304 79077 79148 79252 84740 79251 79274
Hilo 2:79370 158556 79528 79450 100319 80634 79482 83959 79436 79326 90168 84802 79358 79482 79368 84350 79335 79358 80103 97407 80619 79523 79383 67466
Hilo 3:79198 79185 79434 79294 79294 79233 117851 95456 79264 79279 79326 79186 79280 79264 79452 79367 111448 90146 79241 79580 79233 79717 79945 77058
Hilo 4:79323 79294 79372 79496 98779 99771 118061 88576 90823 79373 90917 79249 79342 147868 86018 79336 90122 79323 79311 79310 79377 79337 72224 63047
Hilo 5:80586 79965 79949 136998 80090 87899 80309 82867 80605 80200 80621 80403 79841 79982 80168 84922 79165 79700 79874 79415 81323 89125 80724 75873
Hilo 6:79308 79169 79356 79403 80059 87149 79405 88732 93086 79404 90933 84739 79358 79436 79451 79352 79498 79351 125915 79426 79311 79998 79711 77074
Hilo 7:79276 79341 79793 79450 79170 79482 79210 96470 79217 87797 83413 79342 79280 81853 79327 79243 79217 79866 79280 79292 92306 79245 79366 79601

VM results:
