i7-2600 8
VMs: 4

cores: 1
Hilo 0:69191 69274 68322 67387 68287 66972 68105 68688 68567 68621 67582 67571 68563 67030 67978 67439 68311 68017 69028 67469 66584 67556 67710 68999

cores: 2
Hilo 0:76219 76768 78521 76154 76583 78367 78362 77806 76054 76941 76515 77050 74659 76733 76312 76484 76667 76682 77982 75786 77693 76897 76591 76016
Hilo 1:77866 78584 78101 77080 77446 78425 77944 75971 77477 78639 79712 76968 77310 77046 76724 78466 78143 78303 77249 78304 76847 77000 77373 74442

cores: 3
Hilo 0:85044 85703 85455 85701 84910 84721 85675 85279 85040 85364 84292 86383 85726 85851 86063 84865 85214 85906 85499 85684 84981 84808 85632 84663
Hilo 1:85689 85842 85248 85716 84676 85527 84821 85239 85142 84747 85457 86076 84849 85751 85517 84928 85588 85257 85803 85479 85560 86520 85750 85104
Hilo 2:85000 86061 84843 85270 85487 84447 85369 85527 85373 85675 86380 85423 84737 84876 85938 84216 86209 85653 85212 85545 85817 85712 85282 85809

cores: 4
Hilo 0:93790 93904 94576 93750 94096 93501 94197 93635 93648 93592 93812 93868 94205 94129 93618 93606 93722 94104 93373 94297 93723 93620 93578 93057
Hilo 1:93745 93505 93641 93383 93791 93654 93730 93789 93636 93551 93647 93731 93619 93364 93811 93442 93913 93639 93786 93494 93533 93587 94259 93345
Hilo 2:93606 93995 93655 93688 93727 94370 93695 93863 93558 94212 93589 93638 93755 93639 93396 93588 93811 93673 93651 93729 93764 93627 93732 93677
Hilo 3:93721 93843 93773 94003 93555 93774 93892 93441 94226 93986 94100 93623 93776 93703 94168 94233 93383 93540 93496 93559 94166 94878 94073 92976

cores: 5
Hilo 0:93762 93728 93566 93804 93683 93862 93628 93719 93757 94185 93735 93780 93543 93966 93564 94053 93773 93718 94798 93955 93651 93754 94216 93709
Hilo 1:93646 93848 94046 93531 94094 93747 93603 93763 94090 93906 93644 93892 93756 93944 94025 93280 93660 93779 93607 93433 94131 93680 93631 93634
Hilo 2:94351 93916 93746 94178 93614 93578 94084 93848 93762 93560 93795 93747 94315 94003 93840 93484 93507 94496 93745 93890 93728 93512 93719 93935
Hilo 3:94026 93707 93911 93496 94226 93722 93392 93609 93542 93397 93463 93937 93626 94466 93333 93744 93579 93536 93760 93840 93531 94775 93405 97450
Hilo 4:93815 93738 93849 94091 93454 93998 93671 93947 93522 93849 94053 93457 94544 93907 93605 93852 93822 94774 94074 93771 93956 94878 97837 92224

cores: 6
Hilo 0:104287 93892 93488 93614 94220 95045 94911 93648 93651 93854 93586 94090 93853 94026 93479 93573 94039 93591 93739 93781 93507 93813 93763 93732
Hilo 1:93756 93690 93813 95132 93891 105624 93844 94005 93956 93586 93654 93574 96006 93796 93636 93826 93919 94331 109595 94080 94470 93838 99770 89239
Hilo 2:93854 94918 94240 93800 94687 93722 93752 96532 93814 93708 100702 93854 93566 93686 93739 93846 93754 93908 94197 93768 93935 93828 93592 93834
Hilo 3:93681 93825 93728 93672 93688 94279 93789 94772 98079 93531 93734 93987 93908 93736 93929 93721 93629 93543 93997 93730 93897 94391 99639 94069
Hilo 4:104437 94115 93913 94784 93851 105122 94090 93746 94572 94494 101341 94459 95964 94349 93864 93788 93752 93767 109752 93713 93848 94198 94091 86437
Hilo 5:93872 93775 93913 93721 93642 93543 94025 94544 93824 95954 93999 93801 93751 93684 93716 93672 93958 93855 93636 94362 94254 94048 93972 94494

cores: 7
Hilo 0:109280 104331 101336 94446 111755 94487 108740 93885 96392 93697 93649 93621 104948 93664 119140 96047 94303 96691 101150 97502 104984 93741 105874 78120
Hilo 1:93928 94227 94046 99956 111817 94136 93882 93877 95974 93965 102512 96838 105077 93979 118417 107239 93768 93990 98175 100477 105598 94287 94061 87048
Hilo 2:94046 94286 94792 93940 94362 96370 97957 94095 93572 93935 112698 95522 93752 93793 93865 93663 93585 93943 93665 97609 94539 93607 93585 93666
Hilo 3:94246 113904 93949 95034 105045 94533 95530 93877 93931 102408 108599 96724 98107 93572 106181 93760 93729 93734 98291 94032 93939 94037 93842 92430
Hilo 4:103430 94077 94024 94616 94871 95236 109294 94236 94664 94538 94637 94212 97717 93822 94268 95087 93834 94724 94117 94768 105294 94554 107016 94473
Hilo 5:93740 93600 94192 93690 93901 93714 100095 93767 93899 93679 93719 93660 93457 93753 93680 118919 93725 93664 93757 93678 105469 93709 93773 103169
Hilo 6:93888 94194 98458 93979 94039 104498 96698 94158 93837 97399 93743 94063 95469 94080 94991 93755 93741 96478 94765 94037 93814 94663 94630 103336

cores: 8
Hilo 0:126417 122867 149209 93943 100161 94507 143879 96619 99919 93913 93894 98029 113941 107548 128017 119826 99739 138104 93955 143807 97236 84193 71964 67644
Hilo 1:96952 93753 93695 93746 93710 95289 94705 128991 109134 93756 93726 93773 93732 93710 121537 113296 103286 106058 112280 137321 146004 99183 99676 77177
Hilo 2:97705 94763 94209 93887 94147 94142 94100 94523 96831 94262 94240 94334 93983 94236 94009 94141 95369 94116 94094 94133 93964 94082 94174 94172
Hilo 3:93707 94281 93585 93887 94052 101247 94297 94258 93909 95093 94224 94163 93804 112421 105382 109226 107621 104071 93668 93969 93939 93811 93803 95337
Hilo 4:96780 94345 94677 99947 94030 94005 93902 93876 93964 94133 94225 94177 111120 93972 95789 93805 93938 95794 95468 93958 93823 93997 94106 93741
Hilo 5:126962 94817 94599 95051 94690 94659 94913 94635 94992 94583 94646 94737 94685 94915 94544 111018 117249 135599 94584 94680 94890 94538 96306 102086
Hilo 6:98770 93775 170483 101208 93742 93803 93743 93625 100182 93741 93866 93885 93699 107836 93760 125119 93826 93778 93849 93722 100566 93736 93689 93234
Hilo 7:94542 94619 94661 98525 96076 94080 95170 94655 95396 95057 94833 99295 107874 95888 102819 125564 105018 103878 109480 108551 94677 94689 95867 93688

VM results:
