i7-4770-nada 4
VMs: 3

cores: 1
Hilo 0:51222 51725 51602 51548 51171 51727 51323 51266 51147 51334 51552 51192 51179 51048 51154 51331 51733 51118 51452 52299 52562 51283 51080 51186

cores: 2
Hilo 0:54809 51121 51079 51108 51313 51167 51259 53406 51745 51185 51106 51161 51225 51232 51090 51200 51124 51737 51198 51122 51143 51153 51200 51200
Hilo 1:55072 52197 52093 51606 51239 51745 51926 52562 51435 51777 51684 51676 51517 51766 52042 51606 51415 51320 52198 51779 52061 51497 51355 51856

cores: 3
Hilo 0:51431 51340 51153 52245 52314 51511 51325 59499 93835 76020 52074 51168 51213 51234 51325 51184 51309 51153 51569 51979 63071 51465 51372 54476
Hilo 1:51353 51247 52775 68428 52043 52042 59499 51340 51075 51044 79140 97205 62448 51106 96191 96493 51593 63025 51075 51184 54460 51091 51138 51277
Hilo 2:52008 52105 51340 67196 51262 52011 52151 51216 93820 51184 51215 96924 63125 51223 96129 96246 51122 51138 51153 51200 51121 51216 51293 51159

cores: 4
Hilo 0:52147 51979 52089 51637 51979 51886 52188 52006 52291 52245 52214 52213 52074 52058 52120 52308 52276 52572 51622 51667 52760 52682 52776 69764
Hilo 1:51380 51543 51793 51247 51354 51559 51384 51408 51493 51543 51496 51512 51356 51418 51559 51637 51667 51700 51683 51434 51496 51528 51558 51247
Hilo 2:51162 51106 51075 101993 100826 51156 51208 51137 51184 51091 51200 51325 51199 51263 51262 51106 51216 51153 51122 51433 51122 51200 51216 51705
Hilo 3:51318 51169 51121 102118 100856 51376 51350 51402 51153 51216 51356 51215 51153 51387 51231 51247 51294 51309 51153 51465 51387 69639 52283 51385

VM results:
