amd5000+ 2
VMs: 2

cores: 1
Hilo 0:265590 265605 263219 263403 262367 263297 262946 263313 262355 262408 263422 263126 262807 262315 262914 263328 263271 262999 263220 263250 263235 262470 262798 262557

cores: 2
Hilo 0:263982 262455 269553 263625 275028 263391 263438 263203 263563 263141 263297 263687 262939 263516 306774 262955 263874 262782 263984 263017 262673 264015 330953 264155
Hilo 1:266088 273375 266401 278399 266464 266729 266558 266667 266604 266137 266246 266526 266885 310082 266558 266433 266354 266262 266152 266574 266448 333496 266542 264826

VM results:
