i7-4770-nada 4
VMs: 2

cores: 1
Hilo 0:50615 50655 50710 50754 50757 50841 50709 50628 50621 50650 50640 50631 50643 51000 50925 50765 50795 50609 50639 50704 50606 50762 50760 50637

cores: 2
Hilo 0:51288 51777 51178 51536 51194 51621 51343 51408 51809 51838 51345 51667 51257 51781 51924 51849 52396 52055 51473 53437 53075 51278 51515 51062
Hilo 1:51475 51278 51627 51100 51774 51231 51124 51236 51184 51341 51083 51233 51204 51265 51273 51225 51241 51244 51351 51204 51375 51496 51213 51196

cores: 3
Hilo 0:51209 51138 51667 54148 51231 51138 51055 53352 51263 53243 51138 51184 52812 51606 51200 71174 51248 51278 51150 51279 51122 51294 65552 51137
Hilo 1:51053 51793 51122 51387 51231 51340 51617 51277 53306 51325 53290 51075 51237 51387 51215 51154 51503 51153 51263 55005 51277 51185 51231 65630
Hilo 2:51630 51481 53524 53883 51372 51574 51429 52105 51699 51699 51996 52104 53265 51341 51917 71269 51809 51917 51547 54627 51558 52058 52152 52104

cores: 4
Hilo 0:52931 51496 101433 51746 76909 51324 51325 51465 51231 51574 51372 51402 51528 51387 51481 51496 51371 51481 51559 51371 59958 54706 51559 51384
Hilo 1:51246 51996 103133 51090 76909 73976 51107 69155 51185 67689 51028 51138 67080 51263 51278 51215 51278 51059 62713 62809 54850 51128 51327 50802
Hilo 2:51419 51574 51325 51168 51512 51262 51450 51418 51527 51294 51340 51372 51355 51466 51387 51184 51418 51278 51403 51356 51246 51340 51378 51415
Hilo 3:52308 51402 52402 51418 51605 51965 51387 75427 54569 69218 53010 67829 51356 51387 68204 51809 51355 51762 51886 52370 63408 54142 51839 52102

VM results:
