i7-4770 8
VMs: 3

cores: 1
Hilo 0:55121 55117 54766 53187 53248 53940 52707 52839 54668 53233 53952 52600 52631 53195 53173 53314 55629 53695 53716 53816 53220 54153 53929 53256

cores: 2
Hilo 0:58330 57987 58485 58494 58684 58313 59358 58838 59182 59488 59558 59572 58869 58755 58759 59011 59966 59324 58517 59854 58201 58981 58928 58494
Hilo 1:57840 59016 58571 58665 58336 59222 58660 60018 59086 58683 59507 60063 58878 59440 58258 59461 59921 58754 58497 59054 58777 58195 59136 57834

cores: 3
Hilo 0:63469 62559 65094 63843 64669 64283 64790 63554 63643 63750 63473 64988 64074 63530 63621 63119 64376 64471 64217 65700 64539 68510 67419 64185
Hilo 1:63609 63045 63345 64969 64841 64153 64532 64699 64351 63623 64108 64800 63625 64169 63951 63255 63025 64414 64746 66112 63954 67988 68128 62788
Hilo 2:64386 62940 63560 64741 65034 64491 65419 64773 63832 63800 64367 64839 63802 63506 63363 64524 64159 64706 64777 65898 63883 67897 67873 62830

cores: 4
Hilo 0:68284 67539 68512 68071 68170 70026 69603 68079 69180 68800 68039 67918 68617 68727 69392 68849 68324 68338 67356 67272 67649 68707 66596 68598
Hilo 1:68484 66559 68328 68219 68588 69838 68534 68268 67850 69205 67815 68946 68104 69157 68371 68881 69530 68525 69409 69060 68630 69316 67925 67915
Hilo 2:68905 68513 68408 68326 69307 69500 68800 67007 68245 67845 68305 67667 68624 68400 69170 68898 69597 68467 68100 68943 68632 68454 67468 69140
Hilo 3:68262 68500 67626 68379 67853 69859 69886 69419 67990 68577 68549 68923 68026 68904 68631 69663 68946 67623 68055 68231 67924 67309 68120 68041

cores: 5
Hilo 0:72810 72967 72826 72922 72864 72783 72847 72974 72858 73112 72725 72859 72787 72880 72834 72757 72769 72791 73104 72851 72745 72870 72753 73128
Hilo 1:72710 72764 73062 73246 73488 72771 73031 72936 73041 72876 75169 72897 73476 72855 73040 72822 72762 72950 72759 72871 73063 73050 73125 72615
Hilo 2:72880 72862 72999 72795 73135 73009 72755 73196 73491 72850 73276 74100 74455 73008 72868 72755 73445 73318 72758 72947 72783 73581 72765 72513
Hilo 3:73078 72807 73135 72886 73143 74061 73116 72898 73072 72955 73216 73870 73109 73073 73390 73133 73204 73103 73400 73081 73259 73212 73029 71538
Hilo 4:72828 73080 72874 72783 73563 72858 72877 72721 73129 72852 72868 72695 72777 72783 72755 72807 72832 72755 72869 72797 72776 72845 72653 72903

cores: 6
Hilo 0:73017 73060 72995 72853 73073 72947 72690 73134 72747 72705 72807 72981 76047 72824 73001 72777 73153 73016 73573 72823 73755 73390 72788 72896
Hilo 1:72986 72941 73270 72791 73175 72782 73152 72762 72804 73118 77687 74628 72341 73025 72957 72824 72922 72834 73061 72914 73609 72757 72966 72554
Hilo 2:72827 73044 72498 72884 72714 73868 72984 72901 72755 73035 72701 72549 72884 73268 73208 73225 72929 73093 73165 72925 72828 75887 73151 72668
Hilo 3:72719 72841 72935 72666 72979 73961 73336 74669 73040 72748 75887 72871 72969 72854 72921 73000 72895 72943 73046 72804 73077 72874 72816 72976
Hilo 4:73022 73060 72866 73040 72682 73197 72983 73151 74505 74663 72931 73477 75410 72763 72764 72807 73125 73144 73867 72982 72827 87862 72986 69886
Hilo 5:73514 73344 72916 73867 73735 73158 74764 74339 72979 72874 72884 75683 72966 73575 73351 73053 73668 73093 72843 74349 73717 85062 73331 68785

cores: 7
Hilo 0:73005 72885 76504 73665 73321 72988 74355 77159 79389 73191 79356 73212 73127 95098 73346 93383 76628 73134 73217 89493 77738 75148 92910 61569
Hilo 1:73353 72892 73397 74303 73227 72901 72882 72837 72900 73560 73780 72907 72887 73218 72893 73290 73024 76113 87018 76275 79429 73222 84191 72904
Hilo 2:72903 73463 73311 72769 72900 74267 73247 74772 72962 72797 80076 72913 72806 73017 82622 72952 72804 73136 77595 77355 77618 73600 72734 73071
Hilo 3:72781 73682 73012 76180 73196 73090 74050 73321 72978 72882 85245 75568 73770 73207 72589 93701 79284 72927 81766 88791 87694 74990 74402 68861
Hilo 4:73003 73842 73472 72830 72915 80344 78933 72915 72900 72946 72982 72900 72985 73041 72297 72950 95817 73164 73056 73051 73080 72903 88919 82051
Hilo 5:72793 72917 72821 73365 72884 72839 72803 74054 72884 72726 72735 72868 72927 74410 94829 72898 73581 73060 73602 72905 72776 73053 72823 72799
Hilo 6:73593 73725 76277 76395 80419 73160 73309 79281 72977 73617 75821 73087 73359 73166 82659 95551 73056 73134 79191 73644 72920 73397 84151 76308

cores: 8
Hilo 0:73352 74331 73477 89715 105567 77767 73374 73352 73228 73960 76348 73632 73075 74136 73909 73854 73984 74062 73952 74065 73817 73599 75159 73728
Hilo 1:145718 73336 73304 73430 73539 99209 73211 73212 73477 73305 88634 75488 73344 73220 73554 73500 73360 73469 73502 73474 73459 73396 73287 65672
Hilo 2:73383 73161 73399 73710 82057 73243 72995 73357 76862 73336 73493 75404 72977 73275 73033 73314 73453 73298 73282 73250 73365 73287 73396 73193
Hilo 3:74116 72818 72853 81822 72868 81964 77742 74788 91947 72853 72884 77820 75567 78318 72830 72917 72860 72892 72892 72832 72928 72912 72772 72882
Hilo 4:72853 72935 73376 73273 72697 87220 72923 72914 73041 73118 72993 89298 73332 113278 73178 73060 73157 73079 73063 73067 73084 74441 73287 73096
Hilo 5:145764 72962 73023 73025 72978 101517 72915 72915 72947 72915 72996 72943 72938 73002 73003 72955 72938 72908 73001 73006 72959 72991 73006 70407
Hilo 6:72977 72959 72977 72946 100792 72885 82765 119419 72853 72931 72916 75054 73221 97830 72974 72783 72892 72829 72831 72990 72866 72912 72866 69206
Hilo 7:72977 73115 73024 73101 73805 73180 82768 119753 88328 73071 73032 76433 83082 72924 73048 73110 73079 73064 73047 73022 73037 73115 73225 72271

VM results:
