i5-660 4
VMs: 0

cores: 1
Hilo 0:53368 53399 51137 51152 51215 51168 51184 51214 51137 51153 51168 51230 51184 51231 51152 51121 51122 51168 51121 51137 51168 51137 51152 51247

cores: 2
Hilo 0:56253 55958 55551 56519 56129 55599 56597 55988 56379 56643 56363 56176 55739 55957 56207 56425 57158 56660 56581 56425 56722 57034 56331 56644
Hilo 1:56331 55927 55551 56457 56129 55614 56565 56005 56362 56738 56441 56144 55677 55941 56270 56378 57096 56660 56612 56457 56659 56987 56378 56691

cores: 3
Hilo 0:75644 73757 75505 74911 75629 75504 78374 78032 74708 74210 72680 75692 75691 74849 73523 74209 73585 74038 76128 75224 75129 73024 74459 72883
Hilo 1:73663 74381 72946 73679 73101 74303 78453 76877 74880 75036 76315 75973 76299 74802 76675 74864 75348 73382 72525 73975 73788 73445 75177 75192
Hilo 2:74474 75458 75192 75036 74381 75520 78561 78047 74272 74319 74786 71994 72088 74007 73772 74693 74241 76861 74771 74537 75083 77407 73960 74209

cores: 4
Hilo 0:93616 93756 93694 93647 93694 93725 93974 94162 94021 94147 93756 94239 94084 94131 93974 94162 94240 94037 94177 94240 93943 94256 93662 93054
Hilo 1:94458 93709 93710 93694 94193 93662 93741 93725 94083 94084 94271 94099 93741 93740 93772 93756 93897 93756 94115 93974 93757 93709 94099 93850
Hilo 2:93709 94131 94208 94006 94162 94021 94131 93927 93679 93678 93787 93834 94178 94037 94130 94068 94022 94146 93990 93881 94115 93678 93663 92789
Hilo 3:94115 94146 93959 94178 93959 94177 93709 93725 93757 93662 93741 93631 93756 93710 93725 93803 93678 93694 93662 93710 93693 93975 94052 94022

VM results:
