e7600 2
VMs: 1

cores: 1
Hilo 0:76254 76424 75561 75188 75177 75247 75236 75204 75210 75182 75235 75181 75221 75171 75203 75180 75193 75188 75228 75177 75178 75167 75200 75203

cores: 2
Hilo 0:150032 75633 75566 76456 76986 77451 75484 75551 75582 75644 75551 75614 75675 75598 75676 75644 75739 75551 75753 75582 75739 75613 75566 75583
Hilo 1:150098 75165 75145 75239 76112 76628 77212 75286 75130 75192 75473 75176 75161 76081 75380 75145 75130 75254 75161 75270 75021 75254 75193 75207

VM results:
