i5-660 4
VMs: 2

cores: 1
Hilo 0:75843 74455 74512 76251 73957 74741 75283 75428 75045 74105 74731 75306 74671 74949 75071 74522 75516 73174 74327 73501 74979 74342 75050 76647

cores: 2
Hilo 0:93518 93821 93957 93598 93775 93391 93680 93749 93629 93805 93751 93815 93994 94034 93860 94217 93807 94119 93972 93922 93584 93743 93738 93754
Hilo 1:93660 93794 93657 93683 94165 93827 93754 93642 93706 93829 93660 94280 93889 93799 94047 93643 93723 93718 93640 93901 94029 93818 93987 93748

cores: 3
Hilo 0:94011 94124 93959 94016 94833 93685 93941 93787 93740 94247 94166 95762 94006 94243 93952 93925 95829 94179 94848 93974 94068 93963 94088 94011
Hilo 1:94126 94134 94380 94562 94458 94465 94284 94723 94381 94200 94025 94022 94137 94313 94371 94068 94501 95037 93803 94004 93850 93995 93978 93762
Hilo 2:93746 93691 94130 94094 93756 94933 93925 94037 93756 93919 93996 95544 93757 93731 93776 94038 93923 95754 95956 94161 94005 94307 94104 94369

cores: 4
Hilo 0:113334 130947 94193 94255 94412 99106 94201 94521 94317 94334 96050 94159 94720 94754 94739 115909 188831 94382 94521 94318 94520 94412 94505 93414
Hilo 1:113319 159417 108233 102695 93678 118942 94193 93772 93771 93710 93725 94951 107984 93709 93944 94068 94319 113046 94224 96611 93647 93647 108311 93791
Hilo 2:94084 93772 122148 94286 94708 94521 111391 94568 94910 94552 94396 97123 94065 94146 94068 94271 93990 141222 94223 96877 94146 94130 106424 94164
Hilo 3:94162 94162 94115 116594 94115 94178 97402 93877 95113 94178 94052 95878 96667 107858 94100 94286 143973 93842 94273 94146 94318 94552 94552 95097

VM results:
