i7-4770-NTB 8
VMs: 3

cores: 1
Hilo 0:62716 62483 61710 61863 61164 62785 62264 61494 61050 60953 61770 61822 61967 61149 64565 61711 61118 62130 60651 61287 61320 60757 61749 63684

cores: 2
Hilo 0:70376 67191 67545 67731 67617 67667 66332 66256 66931 68612 67893 67187 68258 67430 67804 68460 66943 67526 67618 65267 67113 67482 66929 66854
Hilo 1:70216 67381 67749 67984 67592 67321 66999 68295 67383 67783 68558 67335 68225 67640 68771 67282 67741 68317 66189 65964 67253 67574 67536 66529

cores: 3
Hilo 0:74904 76192 72240 72699 72720 72731 72212 72274 72744 71857 77452 77954 73198 72921 72171 72417 72446 71723 72493 72089 72425 71524 73094 72652
Hilo 1:75691 77428 72219 72203 73061 72308 72948 73179 73116 72647 76700 75733 73338 72880 72152 73018 74367 72351 72498 72842 72716 71768 72235 72069
Hilo 2:76013 75714 73008 72659 71867 72570 72677 72691 72866 72475 78944 77927 73069 72683 72302 73081 72772 72625 72421 72513 72428 72377 72303 72189

cores: 4
Hilo 0:79102 80857 79164 79756 76920 70338 76807 78550 75418 79578 79502 79017 79613 75988 75282 69645 79402 78921 68375 73494 75803 76885 79750 79132
Hilo 1:78945 80197 78043 79195 79141 75717 80757 76900 80268 79149 79022 78749 78795 79317 76485 79345 72333 73703 79890 79378 76335 78922 79100 71348
Hilo 2:72627 78762 77243 78387 79442 79254 77310 78161 79269 80097 74330 79768 66516 77638 74533 79258 79779 69599 79076 79107 78376 77323 76706 74465
Hilo 3:78700 80837 83155 80855 78534 79685 80338 75659 78630 77635 74124 79959 78103 79264 72650 75352 76971 80166 80025 79083 76050 75260 79563 74162

cores: 5
Hilo 0:79326 79305 79492 79305 79210 79257 79313 79759 79283 79171 79043 79301 73607 79509 79223 77155 79380 79327 78961 79882 83635 79777 82017 77558
Hilo 1:79157 79054 82999 74405 82070 79252 79262 79319 79290 79415 79535 78612 79187 79354 75304 79640 79464 79465 78868 82464 79184 72446 73151 80573
Hilo 2:79408 79308 79333 79304 79116 79382 79414 79003 72620 79290 79221 79302 74900 78128 79245 80681 79368 79384 79289 79261 81324 79433 79258 79999
Hilo 3:74591 79095 78403 79236 79412 73402 75945 79629 79424 78795 79065 79106 79104 78172 76246 77337 77567 79339 82525 74129 74891 70050 75388 75260
Hilo 4:80192 79617 79385 80189 80194 80514 79680 79365 79739 79427 80257 79601 80158 78539 79938 80363 79410 80662 79765 79469 84107 79782 79625 77735

cores: 6
Hilo 0:82462 79806 79169 78830 77783 79555 79589 79272 74997 81148 78782 78995 79591 79342 80261 78746 79984 79928 74484 80208 79465 79980 78707 78339
Hilo 1:74051 78804 79486 78990 78980 79087 77176 80126 79672 79075 79117 79206 79315 79327 86450 79217 79070 79305 79391 72013 79256 79108 79319 79039
Hilo 2:78361 81300 80249 92052 85971 86765 80799 78636 91658 77830 86551 81242 79326 82244 86629 85287 82149 79822 86115 79906 80443 82442 78602 63402
Hilo 3:79003 79474 79492 77453 72293 78656 80185 79269 79122 77990 79274 78509 79352 79249 79092 79238 77480 79840 79266 78541 81622 79041 78821 78857
Hilo 4:81099 79342 81475 79648 78763 79485 79309 79480 80063 79549 75433 79815 79604 78796 79567 79608 77670 79302 75758 79289 79652 79202 79074 78020
Hilo 5:71823 79557 79244 72344 78814 79675 83946 79237 79202 80421 79284 79113 79379 79343 79248 79310 79184 79046 79282 71263 79183 79109 76106 78773

cores: 7
Hilo 0:69384 72244 79972 80264 79638 80148 79361 79049 79545 79428 79226 68006 67900 79414 79673 79168 80249 78942 79197 79283 76659 89263 78447 78430
Hilo 1:80413 82070 84341 80203 80593 83015 79655 80314 79873 79522 79981 81989 79333 79698 80113 79246 80920 79532 80169 80581 78312 89933 79667 79767
Hilo 2:79337 79706 78576 80547 77588 78906 78129 79200 81466 79912 78827 78948 79322 80456 78880 79424 77741 78932 82195 78868 75145 78712 79259 78913
Hilo 3:177563 79339 82667 79255 87239 82282 80246 79289 79450 78850 79322 79465 79196 79336 78858 79646 78854 84448 79507 79663 78412 78857 78978 68453
Hilo 4:86356 120641 82717 79853 87979 80703 82676 80410 80458 82190 110001 85023 81836 86524 84383 84513 87900 80925 101790 82505 85826 89599 71110 63893
Hilo 5:79399 79181 79099 79332 78268 79927 79129 79395 80832 79381 79338 79301 79645 81923 79317 79106 78835 79449 79528 81573 78803 79310 79443 77172
Hilo 6:79321 79180 82980 82674 79402 88684 79326 79988 79395 79797 82493 105917 79445 80242 84727 78975 79183 79111 81105 79388 79321 79502 77825 77747

cores: 8
Hilo 0:85853 83493 110379 81199 79379 82462 81950 97751 79354 79435 79654 127796 79545 79217 79577 79498 79669 79467 79354 79331 93108 79436 81234 75668
Hilo 1:80440 79857 80188 82094 79904 79995 81485 80697 79707 78866 80766 79841 79576 79686 79732 82150 79685 79670 79295 79162 79680 79663 79670 79716
Hilo 2:79723 81073 80407 80642 80169 81883 84652 87577 79941 79565 80674 79748 79779 81339 79436 80559 80777 79919 79654 82208 80364 79989 83164 81916
Hilo 3:79972 88189 147398 80481 79761 79645 83208 97532 78278 79583 79467 79357 80715 84100 79483 79482 79561 88094 78682 79186 82789 126236 77508 69222
Hilo 4:79253 79779 79299 79238 81464 79730 79660 87436 80913 79221 79284 79311 103164 110136 79374 79389 79295 79529 79314 82980 79393 79389 79389 79782
Hilo 5:85415 80137 80579 84932 79577 79745 88085 79839 79770 90739 79407 79420 79467 79467 79358 79482 79405 82602 81714 79915 79483 79449 79421 79342
Hilo 6:79208 79357 84073 115649 79301 79366 79699 87277 79297 90352 79638 79374 103647 110292 79311 79264 79311 79358 81584 80479 93196 79280 79307 75850
Hilo 7:79348 79483 80500 82281 80076 80166 82157 85377 82906 79420 79556 80559 79639 79685 79545 79623 79670 79607 81838 88027 79463 80281 125706 79528

VM results:
