i7-4770-NTB 8
VMs: 0

cores: 1
Hilo 0:55536 55520 55443 55458 55458 55458 55458 55458 55458 55458 55458 55473 55458 55458 55458 55458 55458 55443 55458 55458 55458 55459 55461 55445

cores: 2
Hilo 0:55476 55461 55460 55458 55459 55474 55506 55615 55505 55458 55458 55537 55458 55443 55458 55459 55461 55460 55461 55460 55460 55459 55475 55443
Hilo 1:55476 55461 55460 55458 55459 55474 55521 55553 55521 55458 55458 55537 55442 55459 55458 55459 55460 55492 55461 55460 55476 55459 55475 55459

cores: 3
Hilo 0:57877 57129 58016 58048 58594 57377 57346 56785 57454 62572 57315 56988 57596 57472 57190 57065 57237 57533 58220 57423 57533 57705 59607 63789
Hilo 1:57316 57783 57580 58267 59498 57331 57392 57065 57689 61839 57721 57720 57783 57487 57549 57580 57955 57751 57783 57393 57392 57252 59186 62962
Hilo 2:57659 57518 57939 58828 58937 57596 56893 57580 57330 62275 57222 57502 57612 57346 57456 57314 57596 57268 58266 57643 57486 57330 59608 61869

cores: 4
Hilo 0:61932 60731 61434 61139 59563 60032 60031 60842 60217 60826 60061 60514 60388 60435 60154 60076 60435 60387 60591 61168 61511 60482 60326 59187
Hilo 1:62837 60996 62058 61903 59891 60968 61061 61185 61668 60794 60857 60872 61449 61153 60793 60342 61152 60965 60871 60996 61668 59530 60997 58251
Hilo 2:61573 60200 60140 61139 59485 59642 59813 60093 59734 59624 59687 59125 59936 59967 59935 60560 59982 59889 60263 60013 60076 58751 59249 58610
Hilo 3:61869 60856 60982 62200 60374 60484 60718 61107 61497 60669 60498 60670 60685 60934 61620 60715 61090 60560 60668 61839 61777 59873 60170 58439

cores: 5
Hilo 0:64086 64397 64818 66004 64834 64600 64693 64802 64865 64647 64038 64133 63994 65164 64447 64087 64586 64460 64445 64991 63571 64537 65349 64881
Hilo 1:66098 66893 67127 67408 65864 66862 66502 66519 67719 66659 67439 66677 66569 65569 66054 66661 66395 66769 67596 68392 65972 65240 67455 60762
Hilo 2:66488 65895 67689 66815 67127 66908 65286 65723 66363 65098 65879 66241 64820 66709 66412 66708 65927 65428 66161 65739 67159 65395 65942 63867
Hilo 3:66192 66799 68719 68125 66004 66565 66004 66394 66003 67111 66332 66583 65835 67317 67161 67051 65724 66333 66426 66301 67705 67470 66613 60403
Hilo 4:66706 66815 67627 66175 66020 66066 66082 66097 66737 66050 65910 66287 67177 66927 65632 65928 66519 65818 65631 65568 64959 65894 66051 62401

cores: 6
Hilo 0:71323 71900 71357 71794 70562 70032 71715 71792 72588 73087 71714 70809 71324 70840 71432 69811 70871 71777 72634 71449 70919 71230 71573 61511
Hilo 1:70247 69888 67097 67660 69017 69143 68611 68906 68688 67018 68438 68360 69732 67284 69327 68016 68032 69171 69343 68516 69546 68687 67845 70731
Hilo 2:71276 71947 69797 70702 71139 68706 71747 72291 71152 70747 69702 70138 70622 69092 70404 69654 68781 71355 70311 71402 70669 71401 69811 66799
Hilo 3:68312 71932 68470 68955 68300 69766 68159 68703 67939 69421 68766 69763 67377 69561 68890 68094 69936 68531 66676 67611 68032 68157 68859 69499
Hilo 4:71854 71526 71075 73121 71857 71981 71013 69999 70887 71698 71574 68984 69420 71417 72681 71246 71573 71246 69375 70154 72120 71152 72712 61886
Hilo 5:71916 72587 72121 70031 69283 70359 69812 69031 69218 70825 70092 71168 71713 71168 70762 69639 71729 70201 70029 70825 70014 70840 70824 64101

cores: 7
Hilo 0:75567 73741 74397 75722 75083 74428 74536 74350 74381 74271 75192 73757 75473 75910 75051 74334 76347 76112 75286 74396 76071 76588 77008 75355
Hilo 1:75427 75473 75426 75348 73850 75894 75239 75566 75255 74833 75176 74038 75363 74194 73897 73601 76986 76502 76659 74349 76337 75839 76743 74419
Hilo 2:75068 74147 75067 73632 74615 73835 74958 75067 75738 75036 75800 75177 73585 74521 74474 74693 75738 76425 75675 75161 73809 76119 75886 75323
Hilo 3:74413 75457 75176 75021 75301 74256 75722 74568 73398 74506 75020 75224 74568 74100 74880 75207 75411 76611 76456 73273 75572 76307 77695 75510
Hilo 4:75473 74709 75488 74849 74818 74209 74615 74084 74740 74224 73149 74615 75956 75410 74568 75473 74911 76456 76346 74319 74121 75932 76853 76010
Hilo 5:74334 74163 74427 74834 73975 75363 73882 75644 74116 74958 74178 75098 73944 74038 75738 75301 75348 76487 76440 75691 75541 75683 76914 75168
Hilo 6:74241 75410 73258 73741 74864 75566 74459 74069 75348 75738 74646 74755 74724 74787 74646 74349 75582 76893 75956 75286 75026 77321 77601 74715

cores: 8
Hilo 0:79437 79360 79110 79687 79483 79826 79311 79405 79327 79435 79108 79451 79357 79482 79544 79420 79388 80387 79357 79311 79762 79404 79249 79000
Hilo 1:79359 80561 80577 80607 80856 80169 80529 80699 80169 80731 80761 80325 80137 80122 79747 80324 80559 79482 80543 80153 80496 80465 81215 73164
Hilo 2:79423 79968 79391 79468 79468 79420 79702 79560 79467 80076 79435 79498 79373 79544 79451 79482 79404 79513 79482 79436 79419 79311 79530 78890
Hilo 3:79219 79921 79251 79406 79311 79296 79702 79296 79279 79327 79248 79327 79216 79326 79311 79232 79342 79279 79357 79264 79295 79279 79312 79295
Hilo 4:79719 79219 79594 79546 79483 79374 79514 79530 79513 79670 79545 79591 79514 79232 79217 79622 79545 79918 79638 79529 79342 79544 79608 87236
Hilo 5:79360 79297 79438 79219 79187 79218 79171 79701 79342 79139 79514 79248 79466 79701 79762 79233 79217 79326 79341 79155 79216 79514 79389 79187
Hilo 6:80467 79579 79375 79765 79467 79576 79499 79654 79576 79561 79591 79514 79185 79467 79419 79545 79575 80122 79513 79622 79576 79622 79436 78048
Hilo 7:79344 79219 79282 79281 79218 79545 79265 79311 79202 79264 79482 79280 79216 79264 79217 79279 79248 79295 79326 79201 79529 79310 79405 79281

VM results:
