i7-4770-nada 4
VMs: 1

cores: 1
Hilo 0:49590 49882 49522 49461 49533 49459 49331 49373 49544 50430 49499 49688 49560 49804 49292 49452 49337 49386 49548 49991 49545 49676 49541 49416

cores: 2
Hilo 0:50546 50555 50439 50460 50534 50851 50782 50670 50556 50562 50587 50645 50516 50676 50595 50647 50570 50691 50587 50513 50602 50531 50601 50590
Hilo 1:50562 50586 50439 50463 50530 50888 50774 50652 50577 50549 50574 50665 50534 50674 50605 50659 50567 50687 50575 50512 50597 50537 50586 50585

cores: 3
Hilo 0:51239 51715 51480 52121 51904 55451 53446 51128 51300 51091 51206 51195 51227 51036 51576 52735 51131 51055 51157 51205 51106 51133 51050 51130
Hilo 1:51707 53447 52353 51294 51254 51174 51137 53082 51733 51886 52361 52582 51828 53953 51478 51279 51979 51765 51158 52069 52088 51883 52050 51377
Hilo 2:51114 60186 51262 51527 51383 51248 51356 51775 51121 51137 52008 51360 51243 51251 51217 51089 51255 51152 51754 51197 51199 51072 51199 51149

cores: 4
Hilo 0:51105 64348 74114 54119 51796 57365 83267 53925 58360 66398 63704 55419 59179 51205 54908 53433 51405 51265 52446 51232 52859 51320 51029 50506
Hilo 1:51744 51182 51183 51144 51258 51139 74655 51109 51258 53727 51197 51162 51207 51097 51222 51130 51192 51234 51092 51234 51125 51231 51298 51267
Hilo 2:77421 64317 73700 52263 52117 52004 51823 51605 51668 70456 52060 59600 51971 65012 52007 55229 53761 51296 51576 52820 51959 52063 52060 51310
Hilo 3:76937 51464 51369 51250 53652 51261 53876 68440 51274 52260 51140 52065 55559 55326 57519 51230 51111 51217 59596 51234 51199 51427 52298 51200

VM results:
