e7600 2
VMs: 2

cores: 1
Hilo 0:76205 76190 75224 75223 75098 75099 74989 75052 75192 75239 75130 75083 75020 75036 75068 75036 74989 75005 75005 75021 74989 75036 75021 74989

cores: 2
Hilo 0:75457 75270 75504 75177 75223 75863 75333 75145 75270 75411 75254 75333 75348 75348 75255 75410 75224 75426 75285 75177 75301 75286 75676 75691
Hilo 1:75832 76269 76082 76221 76472 76518 76253 76409 76284 76081 76206 76175 76300 76347 76252 76144 76346 76004 76159 76237 76253 76347 76284 75907

VM results:
