i7-4770 8
VMs: 4

cores: 1
Hilo 0:57060 57389 58340 55916 57230 56231 57880 59053 58540 57590 57883 58032 57262 57654 55757 57248 56512 57830 58399 58401 56110 58636 57907 57931

cores: 2
Hilo 0:62674 63943 63533 63757 63205 62473 62726 64047 65570 63285 62486 63544 63380 62968 62578 63598 63914 64525 63119 63046 63063 63495 63155 61958
Hilo 1:62744 62253 62595 61120 62721 61193 62297 62037 63917 62971 61123 61584 62594 63256 62710 62154 62360 62155 62201 61885 60965 61227 61062 61991

cores: 3
Hilo 0:66612 68482 67236 67279 68221 67358 67982 69188 66720 67881 67897 66791 67224 66145 67431 67546 66880 68007 67953 67369 67446 67238 66987 67740
Hilo 1:66067 67130 66477 67335 67669 66562 67333 68425 67437 67122 67455 65131 67132 67732 67124 68027 67680 67830 68379 67194 67364 68056 67233 67676
Hilo 2:66807 67150 68425 67359 66792 66937 67791 68655 66964 66811 66738 66893 66109 68035 67772 67918 67644 68216 66510 66376 67645 67673 66996 68031

cores: 4
Hilo 0:72821 73040 73089 73022 72970 72858 72979 73130 73140 73175 73078 72810 73071 73079 72996 73173 73082 72872 73151 72762 73789 72859 72732 72373
Hilo 1:72782 72854 73009 73167 73026 73308 72750 72772 74287 74188 72857 72955 72744 72783 72897 72825 72740 72881 72836 72840 72784 72759 72688 72354
Hilo 2:72935 72812 72794 72882 73043 72879 73444 73202 72872 72992 72748 72665 72845 72738 72702 72770 72837 72765 72737 73131 72901 72936 72877 72660
Hilo 3:73018 73098 72809 73143 72856 72788 72845 72935 73263 71960 73009 72800 72808 72754 72763 72930 72707 72989 72696 73234 72800 72733 72812 72779

cores: 5
Hilo 0:73027 72898 73019 73118 72841 73072 73050 72765 72783 73000 72961 72824 72958 72751 73012 72994 72505 72863 73122 72886 73725 73584 73212 72783
Hilo 1:72980 73083 72755 72934 73135 72829 72720 73005 72947 73005 72672 72879 72790 72861 72745 72896 72966 73849 73756 72931 72807 72962 72859 72965
Hilo 2:72745 72798 72836 72884 72702 72677 72739 72830 72958 72977 72827 72744 72843 72823 72885 72652 73657 72609 72818 74226 73454 73035 73039 72820
Hilo 3:72847 72823 72861 72830 72617 73166 73177 72997 72858 73001 73138 72769 73013 72848 72915 72974 73142 72881 73032 73037 73630 73181 72955 72870
Hilo 4:72762 72846 73181 73532 72829 72765 72827 72875 73305 73077 73122 73042 72860 73178 72980 72991 72468 73116 72779 72826 72814 72864 72916 72886

cores: 6
Hilo 0:72795 74390 72918 72922 72797 72959 72728 72935 72940 72903 73317 73757 73054 72770 72937 78548 72856 73290 72735 72928 72853 72860 73077 73083
Hilo 1:73583 73456 73402 77779 72990 72869 72833 73143 72902 72836 72990 72769 72674 72888 73319 77543 72746 72763 72907 72760 73113 72736 73027 72517
Hilo 2:74974 76699 72787 77686 73051 72905 72922 72706 73059 72941 73121 72891 72950 73190 72759 78706 73037 72766 72795 72863 72930 73128 72836 72693
Hilo 3:74645 72876 73060 74023 72918 72812 73062 72893 72827 73070 73156 73074 73072 72952 72945 75282 72844 73468 72865 73151 73010 72800 72817 72852
Hilo 4:72925 72771 72795 73787 73899 72857 72908 72986 72814 72911 73257 72769 72774 72758 72754 73463 73253 72918 72710 72800 72761 72768 72818 72799
Hilo 5:72880 72895 73013 73497 73369 73072 72885 72981 73077 73014 72826 73076 72870 72728 72862 72865 75583 73083 72950 72892 72671 73063 72928 74671

cores: 7
Hilo 0:73057 73575 72834 75551 81411 73697 144096 102676 73091 74442 73463 74147 73647 74426 73350 72934 73274 80638 74930 73145 73240 73222 71600 64868
Hilo 1:78570 73069 81692 75258 81459 73165 73149 73178 73926 73677 75202 73117 73266 73403 73080 88141 81984 73133 75945 73225 73023 75143 73166 71540
Hilo 2:73137 73103 72999 73015 74306 72861 80013 72898 72867 73379 73018 73605 72760 72874 74343 73901 87176 72931 72977 81243 73947 73257 72916 72850
Hilo 3:72884 73249 81871 74407 72852 72865 72806 72882 72665 73081 82168 73560 90523 72979 75036 73355 73286 72821 72891 72940 72899 72863 72750 72887
Hilo 4:72762 73027 73037 72930 81549 80343 72836 72944 73677 79621 74771 78617 73111 73621 73944 72816 73839 72868 72873 72848 73040 72822 73228 72718
Hilo 5:73037 73201 73107 72969 73017 73106 72993 73131 73324 72938 73071 73175 72963 73547 73123 73028 82132 73719 73164 73198 73394 73005 72890 72768
Hilo 6:78872 72906 72728 72927 81440 73060 143800 103050 74357 74008 73193 84365 72992 72668 72512 72939 73399 72769 73591 72869 73006 74889 71595 65107

cores: 8
Hilo 0:73151 75736 73717 116978 73441 73008 73071 73055 73056 73247 72950 72934 125057 73072 73167 72979 72963 72962 72993 73014 77893 73527 72929 71328
Hilo 1:73400 80214 75195 94057 79915 73461 73695 72930 73165 73340 73402 73263 77100 72948 73603 73260 73354 73306 73399 73180 82385 81744 83208 73819
Hilo 2:79921 79285 78040 107713 73167 73211 73227 73211 73212 96586 73200 96789 73167 73104 73166 73151 73275 97516 73259 84738 78614 73103 73204 63357
Hilo 3:73026 76518 75133 73173 72793 73114 73211 73133 73196 73011 73059 73075 145900 73135 73120 73104 73212 72978 73103 73173 73013 72877 75248 72945
Hilo 4:72886 72830 72785 94420 72853 72943 72947 72992 72931 73027 73028 87444 75446 72886 72964 72979 73010 72916 72962 72900 72949 72833 72874 72846
Hilo 5:73196 75063 73257 72918 73041 73457 73289 73367 73368 96568 73340 96976 73153 73275 73354 73525 73400 97658 73305 82608 73045 82167 73103 72116
Hilo 6:77112 73102 73165 73221 73133 73208 73118 73133 73118 73306 73075 73138 73091 73230 73166 73229 73120 73181 73259 73212 73163 73338 73262 73330
Hilo 7:73135 76144 72892 72873 72859 73140 73055 73008 73180 73073 73278 73215 72670 72918 73011 73041 73166 72932 72978 72946 83255 72848 75767 75001

VM results:
