i7-4770-NTB 8
VMs: 2

cores: 1
Hilo 0:57150 56912 57763 57574 57713 57412 57532 58012 57946 57742 57297 57355 57872 58100 58212 57885 57829 59121 60060 58567 58082 58776 58396 59130

cores: 2
Hilo 0:60745 60855 60991 62459 62185 62554 61137 61107 62871 62772 61277 60418 63784 62579 63306 62687 64732 62819 63934 64077 62150 63190 61380 63052
Hilo 1:61327 61495 61369 62482 61782 61716 60714 62255 62764 62259 60965 60913 64380 62501 63983 62146 64136 63106 64564 63235 62545 64152 61322 63432

cores: 3
Hilo 0:65682 66328 65805 64163 67159 65657 66118 66096 65333 65800 63939 64164 65067 64927 66178 64971 66099 66740 65613 66455 66957 64923 65402 64433
Hilo 1:64940 66010 66312 64826 64100 65429 64818 65549 65848 65844 63586 63756 65571 65208 64738 64815 65738 66626 64474 67205 66469 64835 65865 64912
Hilo 2:64850 65495 66404 65978 65177 65065 65229 65315 65209 64849 63896 64586 65062 66477 64471 64301 64321 66547 66480 66706 66642 65333 65567 65353

cores: 4
Hilo 0:70044 70346 70930 70257 70384 70886 70162 71215 70424 70809 69347 70128 73126 70620 70545 70117 70107 71005 70547 71054 70789 70758 71165 69711
Hilo 1:71310 70140 70804 71075 70931 70486 70428 70251 70689 70765 70487 71315 72326 70988 70893 70859 70891 71555 69715 69661 70192 70588 70690 70128
Hilo 2:71442 70796 70579 70217 70598 70804 70063 70426 70526 71727 71466 70000 72432 70306 70572 70875 70199 70312 70466 71166 70467 70646 70846 70255
Hilo 3:70804 70645 71445 71007 70881 70586 71345 70727 70240 71584 69403 71533 72230 71013 70359 70764 70993 70398 70066 71071 70256 69756 70512 70364

cores: 5
Hilo 0:75028 74455 75175 74381 74133 74049 73609 73554 74161 73265 73830 75804 74405 74120 72808 72633 73797 74250 74687 73428 74265 73907 72843 73822
Hilo 1:75298 74057 74558 73947 74341 74141 73904 74439 74893 73965 73918 76428 73438 73695 74699 73024 73805 72263 73607 73790 74846 74526 73811 74418
Hilo 2:75260 75379 73515 72514 74791 74331 73835 74320 74385 73998 74645 75800 73803 74067 73441 72908 73528 73316 74896 73426 74260 74257 74713 74523
Hilo 3:75682 75362 73665 72748 74367 74221 74100 74032 73548 74810 73750 76130 74442 73903 74421 73150 74590 73849 74066 73518 74330 73572 73463 73630
Hilo 4:75268 74266 73035 74008 74366 73676 73650 73819 73279 73445 74127 76361 73936 73867 74500 73364 75425 74008 73701 74663 73318 73924 73536 73517

cores: 6
Hilo 0:79235 79155 79722 79329 79281 79431 79604 79496 79213 79389 80066 79420 79203 79178 79199 79368 79526 79480 79583 79436 79329 79208 79241 79601
Hilo 1:79125 79200 79524 79299 79249 79297 79395 79320 79205 81587 79282 79498 79187 79386 79289 79275 79276 79925 79136 79452 79250 79255 79138 79378
Hilo 2:79216 79292 79650 79314 79156 79221 79299 79281 79212 79652 79489 79483 79358 79221 79343 79415 79261 79686 80110 79327 79251 79271 82240 78895
Hilo 3:79419 79794 79429 79523 80086 80153 79709 79811 79412 80183 79319 80076 80403 79301 80357 79462 79776 79419 79644 80092 79905 80379 81370 76717
Hilo 4:79514 79214 79354 79251 79203 79230 79119 79444 79538 79254 79286 79358 79390 79299 79344 79197 79167 79777 79302 79327 79219 79349 81192 79237
Hilo 5:79173 79310 79396 79251 79312 79325 79414 79328 79228 80837 79301 79374 79140 79229 79321 79306 79276 79178 79230 79764 79360 79380 79690 78597

cores: 7
Hilo 0:79244 78944 79443 79327 79240 79215 79256 79369 79353 79332 79223 78963 79316 85936 83211 79359 85413 128753 79242 79293 79356 79465 79403 70606
Hilo 1:79529 79469 79552 79623 79317 79201 79256 79291 79211 79145 79177 79009 79457 80368 80778 79219 79328 79524 79115 79353 79200 79356 79325 79387
Hilo 2:79346 79326 79333 79343 79177 78898 79293 79537 79449 79114 79878 87055 79974 84361 127071 80871 131439 80565 81475 79637 79528 79528 88061 58091
Hilo 3:79427 79161 79318 79452 79410 79048 79297 79368 79197 79768 79083 79212 80190 79900 79343 79235 81169 79665 80565 79291 79668 79294 79278 79325
Hilo 4:79335 79242 79427 79373 79347 79215 79353 79487 79405 79285 79286 79321 79317 79042 113064 92988 79447 79289 81253 79417 79356 79419 79403 86782
Hilo 5:79449 79861 79536 79359 79750 79853 79808 79885 80519 80049 80595 83547 80062 80952 80279 79765 85148 80055 80097 80259 80292 79466 79512 78202
Hilo 6:80020 79180 79630 79358 79343 79095 79180 79328 79361 79301 79286 82330 79318 80103 79265 79344 79266 80367 79208 79821 79294 79372 79403 79184

cores: 8
Hilo 0:155502 85110 79503 81167 99590 79701 151831 88654 79405 86253 82914 157312 79420 82181 79545 79507 79448 79311 79514 94287 90822 79570 74324 62038
Hilo 1:79436 79176 79473 79518 79358 79372 79420 79405 79389 88618 88156 79296 79373 79373 79311 81370 79374 121738 83175 79498 79311 79545 79295 79322
Hilo 2:79109 79235 79383 79206 80122 82992 79264 79373 79186 103033 158559 117874 144036 79654 79295 79189 79351 79336 79373 79343 79154 79202 88903 75674
Hilo 3:79279 79803 79625 84917 80043 87438 79764 113631 105982 85395 96814 89841 82945 79420 158029 82338 79310 106555 112227 87267 91479 81045 77869 66289
Hilo 4:79325 79380 79378 80563 85629 79326 79482 85894 85628 117027 79280 89467 96752 79311 82165 79233 79545 83973 79319 79530 79482 79358 88593 79271
Hilo 5:79326 79376 79491 79362 79420 79607 91479 79420 79311 79227 102149 79373 79374 79326 79373 158248 125501 87680 106440 79513 79327 79373 89233 77403
Hilo 6:155677 79675 80221 80433 80293 79545 80185 86612 79991 80309 106409 79872 79358 79435 79280 80216 81058 79281 83387 80169 79810 96768 80135 90896
Hilo 7:79344 79343 84981 84167 79295 79357 79389 79326 124909 128072 158434 79358 79248 79311 79280 79498 79322 79353 107157 104193 96174 79268 78984 70368

VM results:
