i7-2600 8
VMs: 3

cores: 1
Hilo 0:61275 59536 59849 59703 58554 58586 58612 58890 58795 58289 58142 59024 58989 59628 58117 58569 58207 59164 58962 58996 59265 59230 58598 59104

cores: 2
Hilo 0:68596 68330 66684 67676 68300 68292 68954 68708 67571 66283 68569 69133 68754 68172 67613 68243 69135 68662 66935 68160 67123 67294 66278 66463
Hilo 1:65636 67191 68252 68246 66913 67570 67408 67615 68353 67800 68116 67966 67180 70358 68158 67650 67463 68187 68807 67249 67899 68794 69334 68274

cores: 3
Hilo 0:78845 77216 80639 79286 78078 79620 78070 79491 76948 78604 79386 79203 76953 76684 76521 77587 78455 78830 78991 79228 77779 78278 77749 76020
Hilo 1:80268 78433 77909 78850 78696 78568 78580 77631 77086 78755 77492 77658 77212 77094 78151 76703 78050 78796 78054 77980 79135 79203 79158 75536
Hilo 2:77628 78945 77621 76303 76370 77917 78787 78691 78167 77311 76935 78985 78363 77133 79272 76593 77194 77317 77974 77299 77227 75211 77255 77598

cores: 4
Hilo 0:85674 85484 86202 87382 85579 86860 85970 86675 85853 85789 85649 85955 86618 86652 86808 86566 85449 86363 86123 86697 86469 86075 86704 85644
Hilo 1:85586 86733 86291 86242 86826 85042 87022 86392 86200 86455 86198 86144 86695 86038 86552 86158 86796 86004 85233 85242 86162 85798 86220 85069
Hilo 2:85709 85705 85950 85505 85851 86339 86196 84954 86635 85024 86681 86716 86049 86232 85733 85843 85723 85214 85979 86455 86785 85736 85639 86636
Hilo 3:86630 86552 86227 86200 85810 85870 84795 86226 85878 86311 87118 86073 85633 86082 85578 86062 86884 86294 85781 86616 85773 86250 85559 85816

cores: 5
Hilo 0:93709 95359 93343 94606 93600 93617 93153 94087 93914 93532 93594 94961 93487 94131 93429 93516 93550 93757 94881 94412 94461 94066 93664 94267
Hilo 1:93976 94021 96854 95324 93403 93592 93589 93750 94162 94154 94698 94010 93935 94889 93860 93958 93751 93525 93452 94162 93567 94348 96066 92478
Hilo 2:93909 94576 93669 94114 94959 93243 93793 93661 94177 93937 94754 93603 93446 94231 93854 93641 94806 93807 94486 94641 93448 93953 94771 92988
Hilo 3:95086 93899 95838 94346 93642 95401 94257 94807 94865 93981 93849 94577 95987 94410 95699 94509 93971 94846 93480 93919 94724 93612 94504 91063
Hilo 4:93696 93826 93414 93644 95454 93834 95535 93719 93317 93599 93549 93755 94654 93736 93523 94251 93767 93487 94095 93627 93674 94728 94063 93496

cores: 6
Hilo 0:93331 93481 93526 95547 94660 94316 93702 95443 93622 93459 93584 93540 93709 94284 94266 94360 94586 94181 93534 93457 93757 93701 94009 98199
Hilo 1:95666 93769 94517 94203 93266 93894 94811 97185 93775 94395 98160 93728 93299 93698 94023 93773 96923 94764 93987 96009 93539 93561 94147 92785
Hilo 2:93816 93787 93285 94437 93747 93746 93494 93946 93689 95167 95869 94840 93592 94573 93786 93673 93778 94609 93730 93741 93164 94512 94267 93788
Hilo 3:94327 94069 93877 94303 93566 94821 94247 96798 93877 93625 94758 93613 94392 94280 94951 93591 94854 101040 93877 93854 93711 94793 93511 93232
Hilo 4:93454 93299 93636 93744 93504 100821 98680 93940 95154 98513 94391 93500 94857 93686 93488 94263 94878 94191 93645 93931 94615 93920 94788 92223
Hilo 5:93469 96234 95706 96330 95371 100403 94504 96872 94091 94882 94151 93778 95684 94194 94695 94641 99843 100429 97078 94428 94637 94287 93956 87465

cores: 7
Hilo 0:94779 93304 94460 93835 94765 93617 93552 96769 95343 94288 95235 94002 93770 93898 93628 95176 95492 96706 95477 98389 96768 96468 98578 90091
Hilo 1:93603 94776 93805 95224 97261 99822 93758 93836 93440 93898 93675 93846 97624 93850 93769 93772 93807 93757 93714 93850 94600 93757 101722 92164
Hilo 2:93825 94975 93961 94069 93564 94704 95663 93540 93471 94538 96226 93541 94846 93383 93815 93398 93838 93336 95446 93460 93414 93476 93419 102337
Hilo 3:93687 93681 93977 93258 93517 93467 96994 94507 93986 94709 93767 93583 93738 93508 94236 96331 93713 96550 94650 93523 93554 94927 93497 93635
Hilo 4:93392 96940 94211 93274 93392 100961 94504 93399 96794 93383 93164 93359 94550 94802 97060 93461 93463 93446 94884 93382 93757 93508 101133 93034
Hilo 5:93910 93842 96021 93929 93813 93813 93855 93867 93768 93929 93357 94710 93473 93383 94845 93882 93822 93570 96762 95123 93820 93835 93871 95991
Hilo 6:94500 95036 93836 95516 93864 94410 93586 93758 95203 96207 93803 97041 93785 96862 93643 93680 96037 95083 95930 94099 93695 93913 95014 93266

cores: 8
Hilo 0:94410 94320 97987 101436 96875 107707 94779 100173 138139 104220 95105 111464 94942 94652 100260 94740 116296 94630 94709 138641 105420 97320 101374 67162
Hilo 1:99995 96098 93807 94774 96735 94728 98014 96503 96815 97403 94574 99202 100137 96877 130735 97202 97280 94973 93414 104927 104058 97575 95973 93948
Hilo 2:93692 118434 94095 94553 93614 96070 93916 95422 93960 102996 93827 100955 97454 98171 110879 94220 115480 93965 106955 158322 93649 94916 94456 79882
Hilo 3:93817 120469 93692 103803 124701 101790 100918 93538 93632 93584 93714 100263 93658 93746 93401 93648 93891 93742 93710 94132 93967 94339 93762 94197
Hilo 4:104594 95532 93796 99002 97312 93729 99733 93818 93398 93417 98822 93603 97017 94053 97555 93800 93789 93878 94100 113086 93558 96824 106371 94625
Hilo 5:93880 94690 94902 93969 111394 95086 95451 94402 137099 94073 94191 112208 107103 93842 103620 93430 93767 96239 93976 93835 97374 96425 125069 93551
Hilo 6:112693 93876 100925 97304 93786 93714 93207 99514 93851 93753 93897 93607 93726 94256 127635 94717 93945 93972 93928 93882 102929 93880 93865 93933
Hilo 7:111490 94651 95383 94828 95424 94635 95397 94986 94990 95264 94799 95453 95254 95598 98871 95292 95333 94908 95676 94958 95183 94902 122177 98959

VM results:
