i7-4770 8
VMs: 2

cores: 1
Hilo 0:51614 52145 52587 51813 51414 52041 52323 51347 51570 51605 52280 52130 52646 52216 51294 51587 51300 51458 51546 51419 52018 52276 52089 51691

cores: 2
Hilo 0:53684 54756 52020 55505 53606 54191 54375 53507 53303 56126 54798 53288 54767 53695 53631 54355 54077 52073 53536 54814 54607 54281 52752 54184
Hilo 1:53341 54274 51970 55091 53738 55393 54515 53398 53393 56018 55344 52815 55428 54178 54005 54246 54018 52256 53428 54938 54389 54547 53297 54277

cores: 3
Hilo 0:59748 60070 58885 59827 59983 59761 58159 60225 60214 62216 59098 58976 59849 60436 59706 59191 60555 61674 59979 59293 60176 60648 60280 58853
Hilo 1:59670 60834 60383 59422 59672 59035 58387 58348 59669 60771 58046 59834 59646 60435 58696 59916 59375 60177 60256 59936 59881 59416 60872 58852
Hilo 2:58575 59259 59166 59281 59884 59522 59493 59510 58982 62033 59842 60661 59490 60421 58648 59471 60037 59788 60381 59203 59411 59511 60092 59713

cores: 4
Hilo 0:64823 64265 63916 64627 64701 63708 64118 65274 63330 64484 64648 64843 65484 65096 64186 63802 64151 65235 64053 64438 64610 64094 65479 62933
Hilo 1:64715 65146 63740 64513 64573 64850 64821 65033 64822 63765 64732 65026 64411 63780 64877 63672 65411 64786 65372 64289 65134 64507 63933 62524
Hilo 2:63445 64798 64936 64483 64543 64240 64447 64523 63456 64050 64324 63819 63813 63747 64428 64215 64419 64873 63690 63713 63951 64236 63792 64061
Hilo 3:64717 64078 65099 63236 64159 63689 64399 65526 64218 64095 63466 63764 64131 65199 64508 64900 64449 64063 64462 63824 64136 64075 64555 63582

cores: 5
Hilo 0:68848 68981 68840 69199 68928 71563 70088 69657 69122 68755 69043 69127 68347 68971 69221 68860 69364 69419 68746 68961 69661 68957 68061 67733
Hilo 1:69191 68880 69171 68849 69084 70905 67925 69770 68995 68427 68069 68875 68855 68815 69020 68729 68886 68919 69272 68576 68840 68700 69023 69003
Hilo 2:69550 68932 69415 69092 69311 70548 69451 67800 69087 69258 68573 69273 69650 68756 68911 68607 69111 69499 68746 68609 68760 68600 69161 68078
Hilo 3:69158 69178 68925 68051 69251 70072 70430 69192 69117 69010 67729 69133 67745 68493 68756 68775 69371 69379 69147 68601 68812 68673 68529 68992
Hilo 4:69017 69604 68768 69256 68764 70050 69378 69402 68695 68725 69151 68641 68494 68738 68911 69313 69441 69066 68644 69336 68848 68377 67906 68841

cores: 6
Hilo 0:72855 72702 72809 73216 72692 72847 72812 73336 72772 72857 72923 72716 72856 72709 72864 73013 72750 72885 73516 72964 72872 72795 72818 72841
Hilo 1:73074 72770 73014 72804 72852 74199 72719 72860 72975 73956 72832 73091 73034 73201 73135 72897 73090 73053 73045 72872 72936 72957 73129 72142
Hilo 2:72699 72842 72784 72778 73213 73527 73259 72820 72745 72728 73213 73755 72877 72662 72820 72815 72769 72934 72808 72828 72815 72774 72812 72886
Hilo 3:72824 73090 73063 73043 73119 72927 74473 72893 73215 72788 72641 73062 72848 72906 72884 73284 73099 73097 72822 72795 72954 72754 72864 72494
Hilo 4:72698 73308 72899 73037 73011 73203 73165 73343 75970 73402 80134 73199 73693 73084 73102 72848 73255 73017 72891 73286 72972 73409 73112 69294
Hilo 5:73244 72715 72828 72888 72932 72885 72877 73118 73860 73040 72782 73849 72929 72947 72904 72948 72803 72733 73043 73066 72997 72942 72783 72961

cores: 7
Hilo 0:72790 73469 72791 73471 72945 72883 72837 72922 76401 72887 73286 72846 72784 73592 75178 74274 76373 73376 72806 73415 73422 72749 72889 73145
Hilo 1:72709 73107 72953 74884 80485 73347 73713 76803 73928 72950 74640 73589 73230 73901 73254 72936 72797 73086 72972 73218 72863 72998 72784 76225
Hilo 2:73097 73050 73823 73143 73151 72983 72804 73902 79620 73261 72953 78583 73062 75088 73039 76370 72892 72846 72884 72823 73035 73318 73311 72711
Hilo 3:73176 73107 72875 73088 72881 73085 72940 86994 73598 73021 72632 72950 72861 73023 72971 72917 72874 72966 77916 73063 72813 72715 73126 73301
Hilo 4:73341 72804 73262 72793 72893 72821 73137 73081 75208 72871 72738 73119 86795 74489 72934 72836 73178 72774 72843 72879 72674 72815 72909 72793
Hilo 5:72797 73214 73069 79704 72562 74266 72874 86650 79883 72710 72837 72925 79157 73028 72952 77087 73106 73477 73110 73221 73020 73290 74011 68557
Hilo 6:73127 72953 72828 73706 73825 73668 73515 75159 75903 75481 72899 73611 75581 73371 73704 76758 73060 78314 73853 73781 73383 73515 73377 75273

cores: 8
Hilo 0:72775 73411 73572 73150 74194 87043 73058 73168 88818 73149 134017 76885 84163 73118 73116 73175 73165 73087 143928 73029 77522 73103 89696 56043
Hilo 1:73149 73045 72893 72931 100731 72933 72815 72950 72968 100169 78238 72959 73408 72814 72853 72841 73325 79827 72868 72900 80183 72958 73945 81397
Hilo 2:73211 72863 73185 74070 72977 73081 78415 73115 77634 82555 81870 76785 74572 73071 73196 103625 80715 73196 73102 73150 73046 74542 73211 101849
Hilo 3:73602 73319 73758 73991 83019 73351 76030 72893 88615 72838 134273 73447 72977 73197 72821 74154 73323 84989 143491 73425 75489 81074 71538 58156
Hilo 4:72915 72947 72976 72837 73321 73065 73013 73100 73011 72936 73009 72977 72967 72985 73016 73009 73044 73091 72993 72994 72899 72975 73209 72931
Hilo 5:72821 108504 73617 72947 72731 72810 75106 100202 73513 72791 91407 72883 72797 72815 72837 72714 72828 72853 85208 72916 72770 72805 72791 81303
Hilo 6:73789 109154 72961 101058 73799 77621 72910 77493 73149 101635 73209 73016 73071 72962 101802 74457 72946 72915 73025 73071 72985 73042 78984 68839
Hilo 7:73259 75144 75240 91027 104119 73598 73726 100021 96454 73477 73717 85533 73336 73462 73815 73536 73618 73757 73524 73352 80340 74034 82697 68995

VM results:
