i7-4770 8
VMs: 1

cores: 1
Hilo 0:49653 49673 49653 49591 49413 49686 49569 49625 49670 49621 49550 49802 49633 49669 49699 49583 49559 49771 50775 49893 49571 49632 49515 49784

cores: 2
Hilo 0:52082 52986 51896 52651 52561 53109 51830 52239 53231 52667 52651 53477 53271 52735 53150 53899 52504 53544 53356 54097 53478 52916 53541 53685
Hilo 1:51895 52721 51677 52885 52800 53104 51612 51896 52775 52483 52292 53618 53285 51909 52822 54150 52566 53419 53652 54284 53354 52744 53588 53631

cores: 3
Hilo 0:56374 55037 54825 53669 54752 55740 54480 54074 54792 55661 54203 55352 54201 53467 56456 54556 54647 54219 54322 55178 54330 54289 54499 55163
Hilo 1:55519 54605 54235 53849 55143 55459 54706 53941 54589 55631 54000 55195 54334 53272 56597 54524 54881 54259 54347 54585 54236 54414 54312 54819
Hilo 2:56036 55491 54903 53869 55033 55709 54115 54126 54870 55724 54531 55180 54459 53521 56300 54493 54991 54678 54504 55350 54502 54828 54022 54539

cores: 4
Hilo 0:58930 59562 58794 59444 59567 59213 59561 59170 58096 59004 58288 58516 59167 60707 59027 59180 58260 59952 58596 58581 59889 58647 58604 59281
Hilo 1:59976 59967 59646 59528 59888 58736 59015 59342 60263 59628 59958 59921 60629 60254 60091 60128 59232 59671 58518 58596 61059 59233 59110 58420
Hilo 2:59071 59468 59535 60074 59607 59484 60155 59310 60045 60190 59537 60123 60751 60147 60358 59768 59451 59296 59891 59251 60576 59116 59804 58381
Hilo 3:58635 60857 60214 59974 59982 60451 60360 59620 59187 59737 59989 59796 60821 60233 59071 59214 60761 60716 60515 59002 61215 59074 60251 57334

cores: 5
Hilo 0:64757 64862 64585 64553 64320 64803 64201 64465 63731 64325 65251 65481 63758 64708 65000 64522 65289 64467 64582 65588 64382 64642 63961 61414
Hilo 1:64491 64488 64663 63867 64023 63836 64030 64163 64922 65134 65654 65594 64616 65338 64354 65474 64478 63837 64447 65355 64569 64517 64304 61514
Hilo 2:64569 64441 64507 64913 64647 64584 64857 64718 63926 64485 65431 65193 64507 63565 64396 63836 64196 63836 63996 64325 64538 64673 64054 63584
Hilo 3:63773 64082 64866 64772 64897 63601 64389 63934 64509 64701 64843 64284 64475 64198 64384 64601 63884 64569 62577 63794 64554 64205 63337 62929
Hilo 4:63789 63661 63851 64273 64101 64585 63764 63946 63777 63610 65523 65008 63414 63679 62625 63743 63993 63831 64235 63592 64148 63737 63633 64554

cores: 6
Hilo 0:70025 68739 69806 69108 69500 68240 68343 68853 69827 68554 69821 68014 69048 68541 68783 68477 68679 69376 68551 68148 68036 68214 69255 67167
Hilo 1:68798 69201 67640 68762 66941 67139 68639 69326 69490 69349 68080 68785 68189 68816 68744 67808 68679 68233 69572 69121 68852 68384 69001 68080
Hilo 2:67765 68674 69434 66438 69156 68222 68757 69259 70259 67867 69097 68289 69165 68442 68916 68682 68414 68393 68974 67887 69331 69658 69414 68584
Hilo 3:68420 68153 68966 67739 67771 69124 69202 68248 68649 68960 67003 69394 68531 69082 68099 68469 68398 69298 67773 69043 68649 69352 69547 69016
Hilo 4:68377 69584 69122 69400 68949 68482 68410 70225 69665 69006 68826 69339 69193 68696 69048 68019 67244 68369 68718 69098 69489 68549 67710 67682
Hilo 5:68097 68231 67500 69882 67582 68599 69006 69797 69643 68288 68438 67708 68627 69159 68650 68651 68992 68593 69445 68084 68894 69055 69914 67288

cores: 7
Hilo 0:73483 72918 72960 72150 72837 72717 73539 72916 73069 72884 72775 72877 72868 75550 72962 72900 72985 74707 73037 72911 72646 72737 72915 72775
Hilo 1:72711 72790 72780 73320 73025 73413 72812 72853 72740 73690 72751 72965 72457 73907 74054 72744 73300 72941 72634 72939 72728 72905 72822 72670
Hilo 2:73006 72758 72752 72745 73165 72796 72813 73539 72688 72928 74267 73080 74283 73464 72759 73446 73050 72754 73476 72781 72836 72816 73071 72585
Hilo 3:72763 72959 72715 72730 72837 72876 73084 72884 72967 72843 73230 73306 72858 72880 73731 73087 73029 73212 72993 73331 73387 73820 73383 72850
Hilo 4:73166 73125 73333 72880 73040 72669 73057 73119 73419 73628 73131 73115 73110 72948 73118 73134 73483 73117 73195 72838 73019 73059 73133 72076
Hilo 5:72838 72863 73423 72939 72916 72656 72789 72993 72824 73183 72878 72935 73151 72962 72744 73024 72781 73024 72899 72760 72740 72948 72899 72822
Hilo 6:72805 73860 72898 73123 72806 72637 72809 72821 72835 73104 72868 73731 73317 73186 72977 72869 74229 72839 72779 73226 72785 72973 72931 72512

cores: 8
Hilo 0:72747 72843 73202 73030 92621 87254 88080 72792 74804 79766 74534 73859 75427 80949 76816 74428 72916 72878 76596 74108 104381 73549 73867 71865
Hilo 1:73106 72905 72843 72906 72902 73010 96553 73025 72947 72949 72948 72965 72962 72915 72853 72978 72931 72874 72935 72987 73053 72962 72924 72979
Hilo 2:109315 91393 82563 91716 72715 72757 79707 72807 72839 72776 72832 73751 72775 84912 74288 98437 72767 73947 76385 72743 72791 72771 72976 68630
Hilo 3:72856 72828 73654 73498 72761 101030 80264 73121 72885 73026 84134 72917 94678 85333 72900 73882 98336 72995 72944 73034 72837 86687 79840 69862
Hilo 4:73229 73545 82485 91625 73323 73386 73289 73776 73447 73542 91081 73240 78282 73445 73805 81543 73726 73580 73259 73608 75286 91723 73144 73967
Hilo 5:72807 73217 73810 90301 73120 82074 73065 73143 118764 73107 91232 73135 94599 113492 73165 73102 74235 73075 73199 102946 85859 80153 68941 53679
Hilo 6:109282 73124 72984 73028 72855 100778 82091 119172 87473 72902 84443 73368 121868 78921 87112 73018 73181 73155 72884 72838 73239 72898 66914 52733
Hilo 7:73880 72890 107150 73013 91560 72777 78174 72838 78783 72824 72708 72892 77158 73228 81667 87938 98306 73352 72797 72838 92025 72771 73086 68021

VM results:
