amd5000+ 2
VMs: 0

cores: 1
Hilo 0:263890 263812 261488 261924 261472 261472 261472 261472 261472 261473 261487 261472 261457 261456 261472 261488 261503 261488 261519 261487 261504 261518 261472 261519

cores: 2
Hilo 0:262969 262564 262689 262268 262891 262752 262767 262627 262127 262673 262081 262813 262627 262845 262564 261955 262564 262642 262783 262704 262050 262704 262689 262096
Hilo 1:262018 262408 262049 262814 262252 262049 262517 261971 263001 262361 262720 262564 261987 262564 262845 262891 263017 261909 262080 263157 262564 262673 261893 262627

VM results:
