i5-660 4
VMs: 1

cores: 1
Hilo 0:70029 69436 55534 56203 55490 55243 56922 55926 56073 54350 56314 55801 57064 56224 55140 55283 56328 55407 58552 56165 56668 57075 54624 56646

cores: 2
Hilo 0:74732 76877 76763 76101 77280 77829 76927 75547 75101 77006 77514 79117 75451 75752 76464 73305 74684 75908 76070 75567 77816 77435 76028 71171
Hilo 1:74445 75639 77415 75734 77375 76244 76024 74610 75418 75861 77085 76530 73986 75102 75309 75635 71671 75375 73656 77108 75376 76271 75730 76884

cores: 3
Hilo 0:93755 93706 93989 93678 94010 93719 93382 93788 94442 93990 94115 93944 93647 94035 93678 93658 94155 93651 94209 93741 94177 94115 94320 93747
Hilo 1:93867 94436 94161 93863 93887 93919 93491 93990 94069 93678 93678 94084 93834 93598 93678 94259 93740 93937 93678 93741 93662 93788 93758 94121
Hilo 2:93636 93590 93694 94081 93702 93904 93725 94038 93756 93927 94131 93850 94021 94082 94178 94767 94217 94168 93974 94287 94053 94380 93758 92748

cores: 4
Hilo 0:94079 164674 93632 94395 94006 121790 93568 93554 93575 93545 93690 94063 96751 94083 93800 93741 100526 108213 94037 95318 97483 126173 130510 93376
Hilo 1:94204 141337 118419 94256 94162 93771 93772 93756 109253 160562 93748 127733 96881 94044 94271 94037 98276 93631 93737 93778 94115 112117 130662 78466
Hilo 2:94749 94068 95566 98483 94599 133536 94989 94957 110173 104621 94256 100844 94069 100357 94156 94302 94177 98931 94224 94200 94124 93865 96315 93818
Hilo 3:93735 93678 143754 93757 93787 104848 93849 93866 93824 112001 132235 100893 121665 95562 93772 94146 114266 94583 94396 95537 149822 94100 93912 85600

VM results:
