e6300 2
VMs: 1

cores: 1
Hilo 0:177540 176043 172462 172416 174200 173112 174324 175532 177993 173335 173917 173927 174771 176574 174773 173428 173492 175480 173755 174848 174724 173571 174628 174710

cores: 2
Hilo 0:173081 173145 173472 173223 173940 174112 175641 174548 175797 175251 174190 175438 174471 174502 174580 173457 173005 172926 174393 174361 174175 174424 173067 173347
Hilo 1:174672 174596 174065 174751 175001 173582 172224 173316 171694 172147 173456 174377 173083 173035 173036 174096 174518 174657 173005 173191 173582 174595 174471 174346

VM results:
