i7-4770-NTB 8
VMs: 4

cores: 1
Hilo 0:68420 69271 67195 67751 67619 68075 69885 68331 67024 66831 66431 67061 67409 66749 66715 67711 67102 67179 67675 66804 67022 66787 67651 66826

cores: 2
Hilo 0:72186 72584 72647 72754 73609 74819 72881 72795 72629 72594 72514 72360 72316 72652 73033 71468 72625 72634 72172 72784 72612 72618 72033 73794
Hilo 1:71835 72985 72728 72763 73406 74966 72764 72639 72878 72415 72655 72757 72495 73021 72756 73448 73051 72449 72293 72667 72923 72481 71842 72281

cores: 3
Hilo 0:73152 75647 79522 79113 79073 78197 79682 80166 79700 80677 72649 79295 79960 79190 78713 79340 78411 75415 80499 75645 81543 75026 79498 75728
Hilo 1:82715 80107 79547 80562 78406 79329 77181 78245 75471 75999 72307 76881 79311 79178 73054 76686 75495 78259 73212 79325 77787 79077 78668 77654
Hilo 2:78409 79113 77529 75131 80685 81019 66856 78340 79220 78272 81250 77433 77773 72526 79048 72428 78221 76236 79130 79953 78997 79335 79105 78895

cores: 4
Hilo 0:79120 79467 79219 79261 78904 79400 78418 79569 80242 79439 79244 79182 79246 79229 80060 79311 79505 79169 79255 79231 79196 79469 77467 74103
Hilo 1:79306 78035 78141 72069 79025 72336 77418 79026 75801 75638 76235 79287 73624 73106 74402 79167 79203 72897 77404 79278 72916 78810 75027 74716
Hilo 2:80490 79582 79579 80160 80306 79477 79578 76151 81304 79339 77955 79589 80293 80556 76417 79480 79289 79785 79467 80182 79929 79659 80115 73162
Hilo 3:70700 77793 77847 79053 70299 73934 76456 79620 73505 79535 75343 78685 72495 79121 72950 78674 76390 70392 78688 75949 68957 75091 78692 74274

cores: 5
Hilo 0:78966 78812 79115 76070 81589 79267 76819 79132 79344 77887 79233 79293 76605 82472 79138 79338 79477 79094 79256 79493 79217 78850 78901 78949
Hilo 1:79179 82905 75864 84212 79880 75681 80732 82245 83821 81058 74221 79477 80706 78658 83484 81631 78148 89798 79219 75479 80378 80179 84767 75265
Hilo 2:74205 79673 80271 79205 79935 76004 80180 75931 73820 77662 82398 79610 79106 79278 70854 76238 79186 79394 79153 79058 77788 75525 79100 79231
Hilo 3:78136 78971 79250 79602 81276 79056 78639 80070 73199 79320 74562 80497 76345 80968 75780 74745 75802 74863 79382 78965 78497 78358 73119 79167
Hilo 4:82830 80235 73211 78368 79514 81775 78558 76543 79141 77938 79257 78439 83818 79259 79194 79265 75089 79220 79210 74810 78198 79248 79126 79211

cores: 6
Hilo 0:79274 78268 80321 80603 78930 78980 78974 72072 77230 78795 78946 78943 79325 79191 78426 79366 82608 75475 84573 86110 66056 66314 78607 76901
Hilo 1:83887 80394 80035 80234 79164 77581 80156 80558 79734 76478 80229 80023 77612 80437 77692 81463 76979 79786 80027 72546 81116 80401 79584 78484
Hilo 2:76411 78264 79070 79246 79132 80037 78699 79254 79246 78168 78397 77581 78780 79341 77544 75685 80009 79378 79231 85826 79319 79314 79214 79975
Hilo 3:75662 78753 79252 79464 78180 79250 79471 79185 83351 81536 79979 79126 79200 81512 79035 79158 79244 79254 79233 79460 79323 79403 95466 77282
Hilo 4:84479 82114 80539 75481 80427 79387 80004 82287 79760 81940 79149 85301 84031 80299 78885 87971 80446 87271 79642 81385 94550 79902 77045 74547
Hilo 5:79346 80709 79361 78947 80100 79156 79393 76746 79321 81784 79369 79374 83920 79486 79123 77455 79112 79795 86924 87090 79257 79295 95376 77747

cores: 7
Hilo 0:80282 79379 80430 79711 79683 81167 79571 81951 82699 79369 79679 86937 83858 79362 79786 79541 84209 79951 79961 81740 87966 79283 83890 95768
Hilo 1:79259 79575 80157 79375 79247 79248 79164 79907 79248 78821 80215 85544 80736 79649 79180 79196 79420 79389 80064 79234 80036 79206 79259 78975
Hilo 2:77612 79569 79245 79554 79340 79357 82519 80952 79373 78122 79166 79819 78592 79338 79715 110117 79513 80247 81098 79558 79136 81575 78147 84163
Hilo 3:80324 83799 79273 80958 80822 83182 81293 79056 80567 79515 84457 79234 79608 79952 92111 95098 81105 80860 80342 79604 82554 81934 97826 78473
Hilo 4:76125 84565 79107 79473 79435 79404 79414 80796 78780 79160 82499 83373 78878 79449 79038 80163 79436 79467 78322 79664 79211 86852 86421 78283
Hilo 5:80029 79460 79182 79508 79621 79420 80022 79424 79279 79960 80089 80723 82110 80403 79252 79539 79498 79639 79426 79232 79233 79307 79306 79409
Hilo 6:91396 80088 79553 79590 79372 79589 80225 84496 86796 85867 86301 82623 81948 93950 81280 79295 79452 82855 81827 83334 85424 81594 95264 77984

cores: 8
Hilo 0:79239 79404 79342 79358 79311 79405 79197 79259 79295 79139 79280 79342 79202 127437 79342 79264 79311 79233 79452 79295 79295 79249 79326 95872
Hilo 1:79520 79467 79622 119419 79545 81699 80473 79730 80621 81854 118529 79592 144628 79545 79530 79669 79545 79576 79717 82774 79763 79710 78315 70544
Hilo 2:79332 80591 79420 79295 79327 79981 80794 79348 83554 79389 79186 79342 79248 79265 105721 79343 79310 79499 79466 79218 79311 79279 79405 79236
Hilo 3:68726 69544 69654 69608 69779 69717 69570 68838 68799 69576 69826 69530 69373 69639 69686 69311 69467 69780 69576 69654 69593 69716 69702 69794
Hilo 4:80626 80435 80855 118966 81230 81108 80876 80666 82150 86799 80481 81323 81059 80902 80293 80887 80543 81292 81214 81152 80481 80887 80950 80427
Hilo 5:79566 79357 79467 79327 79545 79513 79942 79451 79436 79451 79623 79467 79373 118608 79451 79592 79420 79451 79607 79670 79670 79498 79389 96032
Hilo 6:79597 80621 79904 80637 79951 79763 79418 79678 81557 79810 118717 79717 127655 79607 79733 79794 79670 79716 79998 82836 79670 79654 79385 79192
Hilo 7:227066 215188 235958 214205 215173 214657 215391 214641 177021 79934 70834 67845 68036 66658 65795 65858 66199 66456 66758 66347 66267 65859 67556 67619

VM results:
