e6300 2
VMs: 2

cores: 1
Hilo 0:174892 177117 174111 174355 175385 176218 175236 174279 174885 176229 176342 176608 174741 173847 174001 173400 173737 173309 174712 173291 173316 173506 175042 173330

cores: 2
Hilo 0:175425 174533 174455 174580 174284 174299 174518 174330 173816 173628 174502 174049 174907 177154 176281 175843 174424 174611 174299 174705 174783 175204 174268 173972
Hilo 1:173787 174907 174876 174752 175329 174799 174455 175001 175594 175345 175016 175953 174720 173410 173753 173441 175001 174736 175251 174782 175485 174642 175158 175432

VM results:
