i7-4770-nada 4
VMs: 3

cores: 1
Hilo 0:50674 50551 50563 50743 50722 50724 50875 50733 50748 50745 50784 50736 50728 50762 50740 50750 50787 50685 50770 50971 50745 50363 50457 50495

cores: 2
Hilo 0:51387 51426 51805 51314 51882 51399 51311 52044 51373 51218 51353 51324 51413 51331 51466 51310 51414 51315 51410 51373 53165 52893 51288 51535
Hilo 1:51369 51249 51902 51597 51245 51223 51299 51221 51393 51310 51379 51372 51185 51603 51687 51433 51201 51601 51157 51367 51601 51369 51942 51255

cores: 3
Hilo 0:51216 61118 51269 57708 51340 51106 51153 51169 51231 51184 51294 51585 51218 51823 51310 51137 51174 51221 51185 51168 51091 51247 51216 51271
Hilo 1:51716 61227 52045 57348 51579 51558 51606 51917 52183 51637 51512 58081 51464 52866 51539 51266 59606 51431 51387 51263 52058 51496 59922 50938
Hilo 2:51417 51352 52695 51500 51127 51278 51434 51481 51683 51496 51512 51265 57790 52274 51190 51353 59415 51331 51403 51262 51372 51309 51434 59760

cores: 4
Hilo 0:51108 51169 51122 100918 51215 99717 99982 51184 99279 51075 68938 69343 51246 51185 51215 51137 51169 81979 51184 51138 51253 51293 50785 50480
Hilo 1:51233 51246 52105 101183 51091 51184 51044 51200 51059 51169 51137 51106 51169 51106 51091 51122 51200 51090 51153 51107 51184 51059 51185 51121
Hilo 2:51465 51294 51605 51325 51231 51465 99560 99857 51809 99139 51668 51231 51340 51231 51777 51762 51309 51215 51356 81932 51169 51759 51310 51435
Hilo 3:51590 52869 51824 53228 51605 51699 51294 51247 51558 51403 51715 51433 51450 69468 69935 51715 51730 51762 51855 51886 51793 51387 51730 52073

VM results:
