i7-2600 8
VMs: 2

cores: 1
Hilo 0:57223 57050 56697 56283 56403 56979 57721 56709 56456 56747 56586 56423 56616 56821 56734 56114 56478 56160 56464 56476 57349 56824 56625 56733

cores: 2
Hilo 0:59334 58688 58117 59666 58655 58277 58377 59339 59511 58668 59155 59783 58017 57989 59812 58428 59665 57609 58024 58304 61009 59961 57883 59228
Hilo 1:59211 58409 57805 60067 58503 58766 58373 59527 58968 58544 59402 59551 57869 58118 59742 58482 59697 58025 58313 58554 61399 59966 58193 59594

cores: 3
Hilo 0:65896 68466 66881 69176 68698 68076 68092 67170 67544 66067 68337 66654 68727 65741 66645 67492 68445 65877 68001 66519 67719 70959 73920 69723
Hilo 1:67353 67707 67040 67278 67252 67983 67257 68286 68103 67169 67225 69104 68847 69161 67523 66617 66846 68113 67390 66778 68181 72145 71792 69543
Hilo 2:67298 67434 67228 66619 66782 67632 66851 67031 66847 67072 67180 66354 69131 67374 66829 67414 67722 67501 66988 67661 66408 72311 73693 69691

cores: 4
Hilo 0:77111 77630 75290 75230 76987 75204 77549 76729 76198 74643 75731 76392 77293 74240 76502 77217 77646 76669 77614 75399 77329 76946 75638 76788
Hilo 1:78953 77347 77145 77580 77995 77531 77340 78085 76496 77563 77614 77543 77512 76359 77696 77389 77292 78116 76516 76808 77265 76895 78026 71284
Hilo 2:76491 76026 76698 77872 77116 75747 77680 76006 77205 76749 76742 76552 77142 77492 75500 74915 75369 77975 77537 76536 76928 77054 74881 76040
Hilo 3:77116 76333 77299 76215 76299 77650 76211 78124 76839 75316 77848 76104 76360 76416 77272 76919 76207 75396 75750 77464 76096 77720 77758 75325

cores: 5
Hilo 0:84398 84665 85769 85625 85015 85886 84843 84796 84169 85969 85810 85441 86800 84922 84071 84472 85139 83842 84779 85109 84201 85777 85393 85111
Hilo 1:85057 86457 84809 84861 85408 83949 84735 84906 85237 85616 85998 85840 84292 85315 85434 83913 85365 85216 85816 85227 84902 84328 85576 85665
Hilo 2:86071 84993 85454 85818 86341 85363 85287 85143 86517 85975 85590 85718 84784 84253 84963 85735 84771 85541 84226 85255 86594 85758 84879 82715
Hilo 3:85329 84896 84433 84600 85276 86491 85736 85317 85159 84861 85234 86590 85404 85571 86413 84679 85430 85121 84279 85048 85826 84580 84701 84048
Hilo 4:84909 85855 86178 85538 84156 85524 84951 84644 85406 84659 85197 85062 85469 84508 84602 85868 84182 86067 85608 84475 84607 85814 84177 85880

cores: 6
Hilo 0:94440 95255 95689 94587 93618 94112 94571 94228 93850 94344 94090 94434 95005 95188 93910 94006 94817 94005 94096 94242 93611 94119 94381 90508
Hilo 1:93302 93707 93672 93599 93661 93545 93577 94195 93635 93516 93690 93651 93668 93665 93976 93446 94135 93679 94410 93710 94003 94615 93608 93528
Hilo 2:94415 93532 93608 93556 93833 93517 94339 94063 94535 93619 94427 94686 94143 93477 93420 93592 93517 93599 93785 94299 94999 95304 94332 92665
Hilo 3:93564 93799 93467 93692 94500 93637 93538 95082 94629 94788 93667 94119 94598 94195 93575 93926 93592 95152 93857 93832 93776 93671 93483 92907
Hilo 4:93619 93508 93585 93271 94981 93247 93264 93519 94587 95342 93346 93330 93350 93430 94826 93620 94549 93254 93123 94213 94738 93371 93709 93259
Hilo 5:95131 93923 93950 94599 93433 94902 94633 93956 95354 94509 95606 93493 94037 94634 94757 93239 93461 94044 93562 93666 93492 93547 95132 91217

cores: 7
Hilo 0:94165 95021 94498 94360 96127 94734 94066 94319 94404 95635 93525 95593 94467 95055 93902 94385 93542 94139 94092 93860 95566 93645 94711 91717
Hilo 1:95445 95706 95622 96060 94323 93712 94466 95651 93343 97244 94459 94819 93718 95031 94089 95677 99310 97737 94769 94403 94709 95275 93787 86612
Hilo 2:93526 93366 94226 93572 95384 95833 95394 95536 95137 95262 94024 93957 95749 94203 95776 93918 93708 94144 95554 95633 93576 95044 95652 90580
Hilo 3:99364 93663 94577 93876 94252 93617 93746 93641 93711 93713 95669 93666 93684 93693 93683 93893 94093 93550 93719 93882 94155 93707 93780 94181
Hilo 4:100424 94802 95451 93470 93661 93586 94151 96774 95601 95560 93711 93707 93686 93593 93616 93574 100297 99360 93691 93672 93633 93666 93446 88509
Hilo 5:93638 93710 93574 93412 93603 93904 93581 95188 96666 93626 93681 93564 93590 93589 94515 93619 93675 94226 93598 93628 93689 93533 93604 93697
Hilo 6:93351 93663 93320 93666 93394 93341 93928 93581 95051 93349 93346 93356 93755 93217 93369 93289 95231 93578 93350 93359 93549 93557 93380 93779

cores: 8
Hilo 0:95723 93866 94786 93839 93788 93787 96063 94898 95548 96555 93525 94683 94799 93657 93848 94408 94560 94099 93850 94348 93600 94661 95743 93756
Hilo 1:95037 94646 95161 94710 94599 95112 94629 95024 94456 94964 94711 94636 94783 94781 95360 94924 94872 94754 94801 95176 94707 95191 94792 93026
Hilo 2:95287 94739 93663 94541 93709 94598 94661 94460 94768 95635 94758 104946 124000 94689 94627 97939 94883 95457 94723 94193 95176 94751 94779 77990
Hilo 3:93695 93600 93944 95633 95564 95705 93975 96020 102629 94949 107831 107580 119480 95688 95703 95627 95527 94661 95534 93725 94443 95212 93943 71035
Hilo 4:93585 93710 95504 93668 94661 93616 93663 93757 93676 93655 93695 93638 93660 98789 93660 93441 97321 93724 93647 93631 95238 93678 95556 93787
Hilo 5:93960 94115 94007 94121 94021 94021 93943 94225 101599 93935 95117 94043 93442 94874 93753 93847 93764 96471 94114 93990 94131 94052 93917 94428
Hilo 6:93988 96035 93616 93621 93522 93585 93538 93555 93614 93638 93571 93591 93566 95747 93598 93675 93873 96455 93865 93569 93615 93600 93621 96253
Hilo 7:93443 93351 93351 93717 93616 93772 93351 93475 93349 93420 108232 103902 105265 93378 93333 93385 93509 93397 93350 93335 94302 93398 93168 90778

VM results:
