e6300 2
VMs: 0

cores: 1
Hilo 0:173550 173597 170946 170945 170945 170929 170977 170960 170945 170945 170946 170976 170930 170945 170992 170945 170930 170913 170961 170930 170945 170960 170992 170930

cores: 2
Hilo 0:173769 173176 172801 171694 171788 171678 172645 172084 171850 173082 171897 173238 172677 171693 171585 172240 172646 172224 173129 173862 174377 174346 174549 173457
Hilo 1:172599 173191 173207 174253 174424 174314 173285 173738 174049 173083 174907 173535 173363 174330 174315 173831 173254 173581 173191 173332 171476 171569 171522 172755

VM results:
