i7-2600 8
VMs: 1

cores: 1
Hilo 0:54030 54208 53880 54079 53925 53845 53822 53651 54048 53709 54232 53868 53747 53919 54399 53810 54028 53777 53787 53991 53930 54049 53788 53804

cores: 2
Hilo 0:60153 58788 56419 57653 58828 58495 58174 58346 57704 61017 60088 58421 58216 59513 58869 58066 58398 57127 56795 59775 58533 58380 57102 56013
Hilo 1:59255 57346 56895 56988 57006 57763 57047 58338 57516 59251 58906 57629 58491 57655 56210 56849 57845 57837 56490 57278 57168 56561 57787 56348

cores: 3
Hilo 0:62145 57909 59817 61012 60005 59352 59740 61172 60235 59950 60851 59880 62423 60476 60827 60885 59675 60340 61793 60434 61842 60304 60541 58358
Hilo 1:61557 58239 59650 60557 60113 58719 59578 60809 60152 59691 59633 59471 61310 59497 59951 60499 59884 59878 62233 61213 60330 60366 60214 58974
Hilo 2:61135 58321 60410 60908 60315 58727 59491 60633 60144 59606 60093 59397 61301 60005 60186 60591 59838 60082 63287 60068 60950 59612 60364 58976

cores: 4
Hilo 0:69016 69321 69830 67760 68676 69377 69467 68302 68451 68027 68980 66934 67622 68365 68273 70244 69909 67985 68293 68715 68765 69053 67809 67910
Hilo 1:69381 68165 69139 69320 68583 69002 65909 68122 68841 69945 68275 68714 69091 68475 69264 69176 67971 67700 67563 69690 68610 69131 68085 68691
Hilo 2:68756 68005 69304 68323 69117 68915 68692 67367 68763 67631 68108 67555 68381 68145 69634 68256 68620 69070 68216 68653 67230 68558 68940 68434
Hilo 3:69081 68297 69829 68786 69035 69017 69146 70078 67786 69054 67953 67647 69565 69521 70234 70123 69347 68063 69130 69142 70413 68913 69712 66814

cores: 5
Hilo 0:77364 77474 76821 76652 76776 76957 77404 77141 77976 77480 77707 77866 77007 76898 76864 76928 76318 76311 76256 78336 75146 76903 75546 77390
Hilo 1:78009 77882 78541 77967 77863 77530 78566 79032 78763 77394 77553 77186 78344 78246 78169 77344 78235 78706 77956 78833 77524 77072 78870 70809
Hilo 2:77144 77397 77511 75976 76352 76240 76928 77639 76161 76648 77667 76806 75262 77089 76301 77304 77368 76817 76268 76173 75929 77698 76986 77333
Hilo 3:77899 77957 77096 78473 78155 77868 77996 77641 77994 77587 76344 77424 78304 76943 77321 78395 78411 78294 78386 78128 78284 77520 77872 71393
Hilo 4:77102 77742 78203 77668 78080 79033 78693 76229 76162 78035 78814 78651 78522 78686 78479 78041 78183 78814 78836 76998 79426 78409 78568 70581

cores: 6
Hilo 0:86099 83891 86140 85676 85739 86306 85420 84727 85415 85106 86166 85774 85437 86716 84806 85696 86060 85319 86586 85653 85096 84418 85598 85071
Hilo 1:84898 84942 86565 84929 84657 84980 85500 86024 86416 86253 85776 85575 86335 85473 85494 86121 85908 86760 85132 84738 86674 86158 85659 84909
Hilo 2:85771 85935 85987 86023 85157 86160 86711 86142 85765 86214 86015 85633 85555 85734 85746 86646 84536 85797 84737 86086 86076 85756 86408 84489
Hilo 3:86520 86338 86177 86006 85890 86261 86590 85887 86168 85693 85823 85195 85808 86191 85955 84930 85018 85824 85243 86030 85383 85293 84897 84876
Hilo 4:84844 86367 86355 85476 86718 85965 86093 85667 85622 86161 85482 85784 85792 83989 86670 85832 86352 86103 86243 85530 85616 85999 86780 84109
Hilo 5:85398 85774 86068 86066 86102 86193 85766 86012 85465 85925 86251 86235 85399 85349 86041 84729 85403 85084 86576 86093 85456 86116 84241 85082

cores: 7
Hilo 0:93455 93643 93421 93441 93464 93948 93835 94141 93733 93572 93456 93525 93948 93855 93640 93883 94994 93428 93911 97192 94652 93963 93943 93361
Hilo 1:95389 93821 93649 93828 93507 93620 94108 93581 93724 95054 93666 93612 93698 93372 93610 93507 93393 94163 93373 95444 93716 93620 95128 93944
Hilo 2:93938 93367 93344 95268 94222 93573 93624 93367 95449 93915 93331 94150 93635 93591 95151 93713 93182 93336 93631 93744 93498 93336 93696 93373
Hilo 3:93594 94004 93674 93595 95333 94026 95493 93682 94216 93510 93862 95506 94244 93528 93894 93722 93575 93644 94444 93478 93592 93497 94218 93106
Hilo 4:94794 94204 93996 93873 93893 93745 93381 94375 93938 94180 93647 93865 95180 93699 93858 95285 94200 94448 95479 93821 93732 94173 93484 92144
Hilo 5:93701 95292 94356 94381 93497 95274 93683 93900 93502 93494 94329 93698 93589 94245 93390 93665 93825 94951 94587 95101 93701 94186 94188 92310
Hilo 6:93639 93516 95602 93638 93738 93605 93607 95682 93902 94009 95569 93846 94337 95541 94458 94403 94202 94471 93707 93603 95168 95586 93720 91039

cores: 8
Hilo 0:94299 93666 93911 94083 94058 93969 95283 94018 94856 93765 93997 93638 93886 95658 94084 93963 94038 93979 93966 93747 102234 98085 109334 91414
Hilo 1:93347 93979 93921 95664 95711 96325 103922 96716 93619 93696 93748 94361 94256 93723 93694 93650 100247 94915 93591 98324 102975 94187 95996 89493
Hilo 2:94408 95772 93844 93696 93667 93970 93685 93713 93857 95372 96243 95323 94588 95346 93819 93651 98046 95727 95152 94392 93608 94173 93521 94094
Hilo 3:93970 93526 93343 93372 97521 94156 93171 101606 93342 94203 93326 93404 93418 93817 94084 98456 98749 93371 93373 93362 93319 93597 95463 97648
Hilo 4:96870 95960 98024 94697 96912 95451 93954 94268 94045 93500 95183 95416 95974 104662 94643 97882 94150 93817 99101 94018 94426 103912 100627 82252
Hilo 5:99318 94587 97857 94318 96788 94281 101644 94182 95102 94315 94538 94587 94497 98542 94300 95027 94775 94359 94642 99040 94754 97637 94746 89008
Hilo 6:93671 96490 96895 94329 96210 94375 94317 93486 95090 95856 95650 94611 96006 94874 100769 94345 97072 94807 94378 99291 94348 95513 94686 92505
Hilo 7:93827 94509 94798 93758 93886 94078 94141 94661 98490 95294 93904 94044 94572 93895 95551 93510 96393 93714 94138 95640 93935 94475 97640 94934

VM results:
