amd5000+ 2
VMs: 1

cores: 1
Hilo 0:265281 264681 262391 263418 262381 262297 262145 264060 263528 263806 262540 263106 264223 262725 262183 262510 262669 262121 262524 263120 264611 265156 262498 264858

cores: 2
Hilo 0:264724 266368 321622 264249 268156 269209 264000 266369 297496 264436 263937 271292 264782 264233 264467 264545 264140 264280 264077 264467 264343 264139 265326 264124
Hilo 1:262977 265416 320920 264623 263500 266719 268730 267072 296981 264233 262939 263750 269829 262876 263624 263625 263376 263188 263047 263532 263047 263110 263547 263562

VM results:
