i7-2600 8
VMs: 0

cores: 1
Hilo 0:52322 52370 52135 52041 52229 52135 52136 52104 52072 52089 52151 52135 52073 52026 51994 51995 52042 51932 51933 52010 52042 52072 51964 52041

cores: 2
Hilo 0:53461 53508 53508 53758 53367 53462 53554 53477 53399 53352 53524 53461 53492 53415 53367 53524 53601 53555 53477 53399 53383 53539 53555 53492
Hilo 1:53477 53477 53570 53680 53336 53446 53554 53540 53414 53321 53523 53477 53477 53446 53414 53492 53602 53539 53477 53414 53415 53648 53617 53462

cores: 3
Hilo 0:59841 58750 56659 60341 58859 58203 58828 59686 59997 59233 57206 59404 58407 58110 57782 58282 60231 59936 59732 59795 58250 58188 58703 57767
Hilo 1:60138 58953 56628 60231 58344 58376 59046 59810 59108 59234 56565 59935 57814 58172 58173 58469 59748 58905 59296 59264 58422 58204 58235 57298
Hilo 2:58968 58968 57002 58906 59093 58843 59015 59966 59717 58937 57127 59358 58266 58890 58172 58391 59920 59872 59296 59280 57907 57876 58438 57361

cores: 4
Hilo 0:64662 65660 65333 65614 65130 64241 65785 65317 65536 64428 65098 65411 65239 64226 64428 65192 65317 64990 64631 65364 65473 64272 64085 58936
Hilo 1:63336 64459 64803 64178 64412 64210 64834 64537 65301 64740 64912 64849 64319 64303 64865 64537 64366 64802 64787 64210 64521 63929 64615 60809
Hilo 2:62494 62462 61090 61822 61496 61744 62307 61979 61245 62166 61761 61698 61417 61370 61651 62291 62010 62603 61058 62120 61807 61760 61683 61167
Hilo 3:65614 65130 66284 64865 65099 65691 65302 65660 65863 65364 65567 65208 64350 64647 64412 64428 65692 64693 64506 64943 64849 64911 63196 58812

cores: 5
Hilo 0:72603 70886 70746 71230 72867 73305 71806 71682 71760 72743 69717 73866 72243 71199 71432 72275 70512 72384 72087 73430 70558 73040 71479 62384
Hilo 1:69873 71042 68656 68998 70450 70013 70465 70403 69342 68921 70231 70808 69483 68608 69982 68468 69202 69904 69763 69576 70278 69077 69357 69873
Hilo 2:70169 71916 72275 70730 69670 69685 69139 70122 70980 69592 70340 71464 70371 70575 69935 70636 70934 69404 69248 70138 69763 68063 71074 70917
Hilo 3:71167 69951 71963 71791 71573 71198 71089 70247 72493 70965 70964 70762 71292 71136 71260 72072 71714 70293 70933 68687 70933 71838 69810 65895
Hilo 4:70918 71167 70325 71651 70902 70387 72322 71822 70231 71433 72165 70965 72243 71058 72322 69248 71121 71292 71666 71292 71370 71027 69872 66316

cores: 6
Hilo 0:78203 79747 76113 79310 78453 79419 77470 79591 77719 76596 78063 79263 76690 77391 76425 78452 79701 79840 77844 78250 77423 78171 78297 70902
Hilo 1:76986 73664 77313 75161 74272 74599 74365 74194 75036 77095 74849 72228 75628 76160 75956 77485 75301 75692 77672 75754 74864 76159 79092 79357
Hilo 2:78921 76752 76783 79342 78951 79045 78000 78531 78437 79840 76565 79607 77922 77797 79217 77485 77501 76378 78592 77096 77422 78546 79092 71776
Hilo 3:77954 77313 78219 77532 77266 78172 78328 77173 77204 75769 80356 78920 79233 77220 77563 77579 78561 77735 79061 78515 77906 78749 78593 73585
Hilo 4:74958 78514 79498 77953 77828 76159 79077 77220 79716 77376 76721 77376 76564 77002 76424 76034 76908 77454 76596 76550 79887 78078 77875 73445
Hilo 5:78094 78562 76330 77018 79029 76955 77485 78172 75878 77033 79248 77111 77189 77391 77298 77376 77049 79263 77361 77766 77656 78968 78796 74162

cores: 7
Hilo 0:84427 85847 85504 86221 86003 86065 86096 86424 84428 87906 85222 85457 86533 85317 86237 86408 85597 85395 87250 85364 93163 87453 86549 82197
Hilo 1:85707 84910 85910 86034 87516 85191 85426 85472 86034 86783 85379 85769 86533 85878 84583 85738 86252 86174 85145 85441 93444 86830 85613 84037
Hilo 2:85473 87016 85800 85005 85254 84989 85862 84256 85035 84053 84271 87204 85753 85706 86066 86049 86752 86595 86783 84303 93038 86393 85847 85644
Hilo 3:85379 85535 84271 84801 84334 85862 86081 85613 87079 85941 85160 86268 84536 86362 85987 85379 85987 85348 86751 85254 91869 86627 85894 85207
Hilo 4:85504 85675 85894 84988 86362 86393 86954 85675 86112 86081 86986 85067 87547 85550 85863 84474 85144 83726 83772 87360 92695 87141 84287 83507
Hilo 5:85956 85504 86720 86908 84988 85754 83850 86158 85613 83647 85504 84833 84879 86081 84693 86626 85379 85020 85894 86346 88982 85847 86315 85597
Hilo 6:87079 85332 86206 85753 85285 85535 85660 85846 85691 85956 87438 84849 83834 84958 86517 84349 85629 87204 84505 84989 94848 85722 85753 84942

cores: 8
Hilo 0:94177 93803 94567 93803 93818 93772 93818 93803 93803 93787 93662 94442 93273 93787 93803 93803 93802 93803 93803 93772 93802 93819 93787 93257
Hilo 1:94551 93585 93569 93615 93616 93600 93678 93584 93585 93615 94302 94255 94942 93600 93616 93631 94068 93615 94131 93600 94255 93600 94130 93366
Hilo 2:93803 94270 93663 93553 93662 93819 93631 93631 93959 93600 93600 93678 94021 93600 93663 93600 93990 93693 93600 94209 93818 93662 93959 93600
Hilo 3:93709 94863 94349 94723 94318 94396 95019 94427 94770 94614 94567 94708 94864 94754 94396 94910 94458 94474 95004 94443 94785 94287 94395 87407
Hilo 4:93834 93881 93896 93896 94334 94005 93897 93896 93912 93896 95051 94365 93537 93944 93912 93880 93990 93959 93897 93896 93912 93896 93912 92227
Hilo 5:93631 93943 94146 94302 93912 94426 94271 94318 94333 94146 95098 94739 99575 94271 93693 94365 94458 94582 93694 93709 93631 94365 93787 89014
Hilo 6:94192 94427 94177 94599 94193 94582 94178 94177 94598 94723 94646 94255 98342 94271 94177 94583 94193 94208 94224 94162 94707 94193 94692 87844
Hilo 7:93834 93569 93663 93600 93646 93694 93506 93600 93584 93663 93647 93584 94489 93647 94240 94208 93553 93616 93553 93616 93740 93584 93647 93569

VM results:
