i5-660 4
VMs: 1

cores: 1
Hilo 0:58896 58436 55479 55388 55625 55589 55974 56014 55923 55599 55577 55804 55339 55341 55166 55278 55653 55462 55711 55025 55454 55409 55246 55703

cores: 2
Hilo 0:75328 75144 74365 75431 74833 75287 75142 76371 74173 75319 73523 75174 74906 74668 74873 74429 74157 74795 75269 75385 74470 75706 74700 75491
Hilo 1:74682 74015 74593 75434 75215 76369 75509 75603 76201 75569 75563 75337 74994 74544 75446 74817 75234 75500 74615 75307 74952 75692 76039 73604

cores: 3
Hilo 0:94252 94322 94298 94260 94278 94329 94318 94234 94314 94277 94231 94277 94328 94276 94283 94304 94275 94245 94427 94314 94302 94294 94224 94200
Hilo 1:94192 94268 94244 94235 94253 94240 94213 94117 94287 94255 94288 94227 94255 94181 94346 94259 94292 94419 94241 94201 94300 94181 94317 94295
Hilo 2:94264 94313 94431 94202 94337 94404 94299 94296 94352 94296 94288 94334 94258 94323 94284 94342 94330 94307 94446 94256 94301 94414 94618 93734

cores: 4
Hilo 0:94348 141656 94266 153292 126380 96370 94135 94359 94292 94363 94403 94422 94431 94253 94386 94369 94219 94283 94422 94383 94390 94370 94418 94492
Hilo 1:141369 129724 182561 94004 105934 106008 94213 94165 152548 94243 163924 100635 113676 135599 120542 107340 104574 94112 94006 94337 135015 93915 81102 76753
Hilo 2:164842 94317 94572 94298 97342 107282 96234 117302 117488 94291 94250 105688 94414 137869 125642 125232 94247 102183 112936 113124 113491 94235 94296 94246
Hilo 3:94383 117721 135678 93831 129128 106281 117678 117502 152576 94577 175207 164374 156900 94450 120877 123658 113448 113799 94692 134735 94275 83346 77554 57065

VM results:
