i7-4770 8
VMs: 3

cores: 1
Hilo 0:51713 51879 51471 52070 51379 51678 51446 51278 51237 51569 51367 51486 51231 51544 51402 51281 51241 51398 51245 51320 51334 51361 51358 51197

cores: 2
Hilo 0:61275 59939 60572 57287 58762 60145 58428 59457 62640 59816 61337 60706 57542 59067 57909 59516 59681 59909 56889 57586 58802 61031 58372 59613
Hilo 1:59894 59031 59751 60078 59930 58352 58859 58095 59254 55446 56971 59442 59882 60659 61832 61192 59364 59813 59912 59245 59874 59013 58660 59469

cores: 3
Hilo 0:64378 66819 65359 65590 66579 65669 65526 65566 65799 64941 65658 66044 65691 65077 65732 65871 65899 64901 66202 65068 67834 64034 66791 65624
Hilo 1:65529 65620 65636 65387 63642 65322 64877 65578 64822 65442 65649 66139 65646 65104 64347 66094 66275 66749 67029 65513 64204 66283 66247 65847
Hilo 2:64163 65289 66405 64995 66610 65396 65664 65108 65105 66332 66249 64443 66401 65827 65717 65906 67651 66407 66525 66198 66014 65572 64828 64922

cores: 4
Hilo 0:68820 68820 68440 68520 68897 68816 68514 68537 68614 69110 68765 68873 68698 68577 68869 68607 68385 70441 69213 69508 70027 69840 69768 70207
Hilo 1:69037 69356 69078 69237 68745 68479 69179 68662 69232 68717 69197 69026 68286 68895 69106 68863 69121 70805 69189 69732 69346 69792 69572 69732
Hilo 2:69364 68567 69447 68513 68801 68861 69145 69249 68599 68750 68726 68399 68584 68452 68692 68660 68554 70152 69524 69568 69605 69680 69604 70066
Hilo 3:68553 68790 68373 68562 68590 68798 68876 68942 68849 69051 69521 68737 68913 68623 68764 69076 69387 70878 69421 69840 69698 69920 70175 69835

cores: 5
Hilo 0:73074 72899 72973 72991 72893 73230 72972 72954 72976 72984 73082 72958 73029 72998 73003 73059 73114 72912 72963 72978 73146 73096 73035 73260
Hilo 1:72909 72969 73239 73084 73495 73473 73415 73235 73597 73535 73437 72861 73737 73105 73181 73418 73640 73261 73382 73021 73835 73467 73697 71196
Hilo 2:72704 72940 72992 73001 73049 72861 72913 72720 72836 72969 72994 73203 72746 72777 72947 72932 72971 72927 73089 72817 73302 73067 73233 73330
Hilo 3:72877 73051 72917 73030 72897 73132 72883 72812 72960 73027 72838 72954 72776 72904 72879 72991 73096 72903 72856 72838 72971 73447 73287 73200
Hilo 4:73042 72908 72997 73048 73099 73014 72907 72924 72842 72994 73003 72956 72957 72841 72995 72860 73082 73024 72740 72946 73045 73528 73394 73383

cores: 6
Hilo 0:73318 73331 73391 73136 73010 73198 73164 73188 72982 73285 72998 73144 73225 73088 73023 73150 73098 73186 73023 79815 72883 73020 73052 73095
Hilo 1:146218 73020 90784 73146 73306 73031 72952 73022 73310 72944 73271 72961 73231 73207 73343 73097 83219 72842 72853 114984 72957 94123 71414 63864
Hilo 2:82705 73078 73099 73317 72921 72979 73518 73512 72959 73067 73008 72995 73110 73127 77039 73028 73267 97817 73024 72829 72836 72926 72970 94322
Hilo 3:146175 73122 73065 73401 73254 73433 73165 73509 73178 73183 73264 73423 73015 73325 73188 73350 73112 73041 72927 72927 72971 73048 72976 72575
Hilo 4:75605 73940 125783 73548 73772 73093 73682 73799 73665 73709 73631 73582 73916 73568 73497 73505 73126 97814 117901 115509 74175 73128 70571 61066
Hilo 5:73105 73193 108262 73349 73238 73245 73541 73205 73245 73475 73619 73115 73543 73651 76675 73353 73321 83327 124553 73126 73079 73252 73075 70731

cores: 7
Hilo 0:72979 72982 109515 72935 72947 72865 72877 72863 72892 72826 73005 72947 73144 72918 73010 72967 72897 72961 73022 73233 73129 73016 85678 72984
Hilo 1:146030 72920 73014 72997 72998 72959 72980 72992 72974 72972 72961 73035 72987 73029 73092 72982 72917 72993 73106 73121 145692 73190 71739 62346
Hilo 2:72991 72994 72971 72919 72863 72872 72886 91458 72803 72896 72884 72946 72882 72901 72928 72913 72942 72959 72895 72895 72918 72899 72953 72935
Hilo 3:72734 72833 72927 73006 72936 72876 72941 72748 72782 72937 73013 73040 72829 72952 72904 72930 72895 72857 72799 72747 72852 143220 75369 71866
Hilo 4:72895 72966 72892 91209 73000 73077 91638 72961 73162 73080 73121 73019 73053 73117 73056 73061 73164 73023 73100 73038 73030 72974 128812 69811
Hilo 5:72975 72882 73075 72942 73015 73239 72966 73289 73082 73012 73025 73030 73313 73087 73005 73150 73004 73062 73020 73079 73484 73281 73189 73413
Hilo 6:146004 109862 91599 73238 73039 73274 73451 73417 73478 73688 73836 73336 73612 73479 73223 72948 73139 73358 73536 73718 73581 116169 68531 58579

cores: 8
Hilo 0:145965 73004 73042 73543 72942 73029 72936 72860 145389 72920 73058 72976 72960 73020 72873 110190 72961 73063 84847 73021 72973 72889 72903 68346
Hilo 1:73123 73106 73250 73193 144512 73312 73203 73583 72951 72954 73225 73264 73300 73181 73125 108414 72986 72845 72699 90018 72950 72902 72841 84023
Hilo 2:72921 72956 73335 73154 73173 73257 73322 73108 73165 145363 73167 73224 73106 73149 73116 73058 73007 72944 72973 73139 73103 73174 73079 73141
Hilo 3:72876 72911 72899 72795 72964 73005 73014 72866 146591 72942 72823 72966 72918 72932 72823 72877 72871 72892 72884 97372 72964 72904 135415 72516
Hilo 4:72747 72833 73081 73168 72823 72946 73030 73081 73826 72996 73064 73027 73136 73210 73055 72881 73141 72906 72916 72975 90636 72986 72921 137670
Hilo 5:73132 73069 73095 73109 73028 73076 73150 73064 145752 73027 73065 73099 73146 73085 73165 145719 72961 143400 146211 75273 84198 72692 62133 58281
Hilo 6:145888 73243 73355 73239 73336 73345 76195 143974 73419 73425 73375 73342 73461 73222 73012 73070 73153 73063 73366 73742 73308 73388 73251 73021
Hilo 7:73595 73396 73760 73719 144428 73567 73169 145348 73236 73651 73084 73342 72968 73264 73503 73404 73496 143343 144698 73121 73553 73758 64122 61134

VM results:
