i7-4770 8
VMs: 4

cores: 1
Hilo 0:59579 58987 60498 56860 57137 59012 58651 60237 59357 60429 60546 60272 61650 59464 58567 60051 60090 60560 59130 59926 59704 58479 59176 60116

cores: 2
Hilo 0:64108 64351 64091 63587 65478 64565 64644 63267 64360 64729 66012 63286 63704 64303 64504 64041 63480 64296 64635 64457 64757 63718 64715 64404
Hilo 1:64266 64421 63606 65544 64645 63986 64093 63801 63584 61934 64544 63690 63000 64747 64760 65655 64570 64750 64296 64895 63819 63445 64410 64717

cores: 3
Hilo 0:68050 68974 68498 68477 68463 68607 68635 68857 68385 68727 70464 68766 68645 68369 68485 68457 68746 68615 68004 68196 67980 68168 68025 68194
Hilo 1:68681 68358 68476 68444 68673 68355 68689 67999 68508 68481 70148 68322 68741 68397 68354 68528 68024 68389 68247 67905 68501 68242 68215 68003
Hilo 2:68243 68290 68703 68507 68472 68619 68561 68549 68509 68849 70167 68602 68509 68371 68100 68549 68651 68321 68199 68459 68489 68346 69021 68327

cores: 4
Hilo 0:72999 72919 72975 72917 72962 72946 73050 73092 72968 73028 73586 72878 72987 73014 73044 72896 73010 72927 72921 72987 72806 72789 72986 72788
Hilo 1:73368 73476 73272 73264 73234 73208 73028 73289 73390 73182 73095 73451 73762 76316 74059 73108 73328 73423 73819 73745 73316 73652 73196 70514
Hilo 2:72835 72791 73024 72813 73051 72994 72782 72811 72922 72913 72906 73024 72915 72802 72867 72904 72890 72722 72838 72795 72940 73006 72995 72808
Hilo 3:72815 72930 72993 72990 72977 72969 72850 72935 73075 72822 72924 72993 73192 73084 73047 72994 73095 73109 73044 73008 73123 73098 73025 72683

cores: 5
Hilo 0:72943 72864 73104 72990 72835 72842 72908 72926 72853 72840 73388 72823 72871 73005 72869 73068 72975 72851 72801 72849 72930 73041 72810 72933
Hilo 1:74054 109040 109023 73111 72903 72995 72865 72922 72932 73468 73018 72956 72837 72971 72890 72986 72952 73055 73151 73359 73133 73137 73130 66096
Hilo 2:72993 109078 72932 72977 73139 72974 73051 73002 72973 73409 72857 72948 72876 72834 72843 73004 72871 72940 72915 72914 72958 72865 73003 72005
Hilo 3:73073 73108 73007 73131 72980 73054 73077 72983 73075 73073 91054 73037 73052 73116 72981 72964 73000 72992 72959 73008 73017 73163 73018 73127
Hilo 4:73156 73047 108851 72976 72971 72935 72979 72981 73044 91297 73096 73100 72935 72967 72815 72939 72893 72950 72929 73049 73032 72955 73116 70215

cores: 6
Hilo 0:109401 73183 74044 73585 75374 73493 73641 73374 73847 73406 73382 73940 73429 73344 73461 92005 128577 73337 74027 73532 73761 73498 73262 69625
Hilo 1:72827 73349 72853 72824 72962 72679 81929 72865 72911 72908 72966 72901 72912 72939 103867 72797 72879 72851 89004 72897 99060 72905 72762 72862
Hilo 2:74011 73140 73069 73042 73046 100020 72905 73073 73113 72903 83758 72991 73043 104020 72794 72878 73033 89079 73067 93453 72965 73031 73163 71534
Hilo 3:72994 72891 72949 73102 73051 72828 72758 72840 72884 72744 72879 72771 72783 72773 72951 72853 72779 72781 72841 80458 84561 72819 72777 102025
Hilo 4:109282 73072 73148 73098 73059 74876 73038 73016 73066 73013 72994 73073 73126 73056 73152 73153 72962 72864 73014 73098 73031 73008 73080 93298
Hilo 5:72962 72933 73017 73030 73029 90762 73014 72971 72972 72949 72898 83669 73002 72962 72988 72972 146864 80671 72986 107862 72927 81636 72975 63431

cores: 7
Hilo 0:109326 73024 73144 72988 73094 92293 96185 96894 73123 133863 73136 75219 72989 73034 82040 73062 73082 73027 73005 73035 73043 73016 72963 72493
Hilo 1:72840 72928 72992 72975 72954 73043 100013 92901 73100 101195 73114 120973 74880 72932 72942 94349 117664 72898 72938 73081 79294 73088 72988 76169
Hilo 2:145796 73594 73387 145179 73247 73171 74108 73523 73332 73631 73580 73688 73701 73664 73943 73567 73301 73485 73436 73395 73553 73751 73760 74271
Hilo 3:73723 144747 72690 72809 73858 73567 72771 72781 72832 72839 112556 72798 72903 72867 72719 79483 85248 72791 72842 72873 79129 72927 72881 72787
Hilo 4:109299 73090 73065 73235 75382 73217 99970 79335 76521 73023 72937 73228 73093 73006 73004 81909 82764 145943 72922 72889 72953 73090 73009 73092
Hilo 5:72691 144877 73114 145184 73736 72867 72953 73074 94289 72759 72890 72849 72991 72859 73174 72997 72739 110968 72836 73172 72742 72834 72953 69141
Hilo 6:145738 72970 73095 73227 74287 91896 106444 73069 97733 73061 120933 73133 73242 88797 73124 73120 73219 73134 73205 73084 73293 73093 73036 70871

cores: 8
Hilo 0:72891 72952 72881 72839 72882 72886 72957 72931 73014 72916 72900 72860 72962 72860 80581 182771 72901 72834 99772 119005 72916 73019 78460 72317
Hilo 1:73095 73027 73102 73141 73097 73059 73116 74018 73093 73145 95729 73100 85201 87121 196941 73074 72911 73051 73090 73188 73126 121408 73051 69467
Hilo 2:147031 73017 73022 73225 73123 74273 96784 73160 73145 73128 100850 100693 75708 73017 73095 73047 73108 73228 73107 73263 73097 73045 87778 72899
Hilo 3:146948 73409 74102 75736 144522 73852 73378 73524 73684 73566 73557 73545 73437 73302 73541 141937 78015 73569 73266 73906 73365 73299 73740 67948
Hilo 4:72836 72842 73614 72882 72856 72877 72909 72886 72877 72828 72981 72794 100674 100666 72866 72982 72876 72892 72882 72886 72877 72870 72859 72917
Hilo 5:73061 73022 73098 73052 73064 73147 73132 73165 73168 73076 73383 73020 73005 107410 196815 146450 73135 73051 73056 72999 101306 73219 72432 61228
Hilo 6:72743 72736 73294 73055 73140 72883 73056 97034 73106 96144 73040 72800 90721 72958 72848 72942 72858 72779 73012 73096 73149 73012 73035 72824
Hilo 7:73171 73211 73129 73193 73092 146760 73099 73174 73174 73132 73153 73336 85132 73191 73243 73240 73103 73237 73087 145862 73149 73174 73139 73158

VM results:
