i7-4770 8
VMs: 1

cores: 1
Hilo 0:51579 51555 51709 51811 51764 51703 51598 51576 51535 51648 51617 51782 51621 51853 51890 51902 51873 51905 51771 51688 51925 51822 51837 51817

cores: 2
Hilo 0:51926 52205 51844 52016 51843 51723 51863 52052 51892 51863 51886 51882 51926 52198 51864 51891 51778 51925 52001 51930 51937 51978 51776 51833
Hilo 1:51859 52193 51875 51944 51820 51755 51818 52014 51894 51813 51847 51807 51887 52233 51804 51900 51775 51848 51961 51861 51908 51892 51753 51880

cores: 3
Hilo 0:51912 51792 51592 51691 51469 51681 51648 51308 51235 51357 51276 51284 51275 51274 51298 51290 51217 51261 51547 51396 51211 51316 51248 51174
Hilo 1:51927 51490 51516 52046 51596 51378 51299 51397 51189 51298 51284 51305 51248 51230 51347 51309 51270 51238 51395 51368 51215 51211 51259 51271
Hilo 2:51737 51644 51507 51931 51447 51465 51276 51354 51265 51294 51318 51295 51430 51238 51395 51253 51325 51258 51512 51378 51255 51278 51277 51273

cores: 4
Hilo 0:56137 55158 57462 58832 60955 58647 55370 58494 59967 62160 55147 58549 60994 56477 57793 58148 57287 59802 58478 58666 57472 58153 60542 60146
Hilo 1:60975 61426 57851 59332 56308 61172 61804 58481 56178 59270 62878 61046 61854 59729 60220 61241 54341 57605 61170 57066 58296 59095 58254 54234
Hilo 2:60385 58328 58228 58474 59387 58771 60516 57890 60244 57370 60677 56018 58771 58859 59524 57972 59766 57596 60944 59867 59923 57441 55606 56959
Hilo 3:57461 61136 58060 57436 55861 59580 58553 59774 58388 57395 55651 58909 56546 57749 55599 58736 58634 59261 57302 58704 57342 60302 57833 56398

cores: 5
Hilo 0:65399 63454 64319 64021 64947 63729 63576 64852 64352 63630 63656 64425 66219 64321 63087 64854 64181 63818 64126 64392 62845 65528 64900 65366
Hilo 1:63911 66244 65887 64423 64879 64456 65515 65487 64716 65185 65602 64518 62844 65556 65491 64128 63331 66939 63630 64784 63907 64030 64423 63111
Hilo 2:64543 64670 64433 65816 62952 64738 64440 65494 63611 65341 64173 64763 63797 64552 64498 65309 64312 64272 64482 64390 64600 64376 64520 63851
Hilo 3:64432 65019 65225 64438 65979 65451 65248 65153 65626 66096 64531 65799 64923 64577 64674 65163 65171 64772 65268 63901 65234 64738 65270 62022
Hilo 4:67144 65058 65621 65672 65006 66128 65662 63330 64711 64953 64662 64524 65878 64756 65213 64626 64746 64294 64875 64999 65552 64876 64091 61328

cores: 6
Hilo 0:68735 68345 68375 68651 68477 68351 68570 68469 68363 68381 68608 68873 69102 70684 69615 69672 69882 69827 69833 70450 69511 70158 70373 70419
Hilo 1:68561 68911 68434 68575 68909 68408 68425 68633 68660 69022 68898 68725 68819 70647 69596 69822 69880 69633 69794 69924 70101 70341 70264 70023
Hilo 2:68524 68530 69057 68553 68879 68984 68949 68750 68638 69124 68852 68183 68074 71064 69642 70112 69669 69813 70049 69857 70119 70168 70107 70010
Hilo 3:68721 68318 68451 68582 68359 68138 68917 68531 68424 68357 68442 69252 68829 70807 69675 69503 69899 69867 70373 69878 70129 70213 70220 70447
Hilo 4:68453 68758 68810 69127 68805 69030 68651 68891 68806 68643 68747 68472 68695 71081 69322 69792 70003 69984 69940 70090 69989 69950 70216 69630
Hilo 5:68774 68710 68548 68490 68855 68762 68429 68883 68919 68538 68641 68744 69052 70589 69846 69462 69704 69983 70053 70213 69850 70121 70381 70047

cores: 7
Hilo 0:72915 72772 73118 72708 72839 72874 72858 72917 72754 73006 72816 72845 72736 72821 72858 73057 73028 72831 72847 72809 72811 72790 72776 72798
Hilo 1:73214 73149 72864 72857 73085 72893 72941 72884 72905 72923 72840 72856 72908 72870 72906 72906 72873 73444 72864 73204 72895 72881 72816 72684
Hilo 2:72970 73041 73017 72925 72951 72961 73185 73215 73223 72956 73103 72974 72918 73005 73159 73038 72923 72880 73063 73093 73251 73189 73176 72979
Hilo 3:72845 73022 72904 72883 72891 73395 72969 72849 72882 72816 73418 72783 72852 72815 72829 72884 73172 72760 72803 72761 72826 72792 72817 72733
Hilo 4:72793 73464 72877 73024 72990 72957 72950 72870 73060 73445 72824 73594 73583 72974 73003 72986 72875 72998 72996 72960 72930 72862 72907 73613
Hilo 5:73236 72800 72846 72848 72719 72894 72756 73163 72807 72820 72833 72882 72827 72807 73086 72830 72760 72740 72901 72816 72836 72828 72860 80851
Hilo 6:72844 72843 73050 73320 73086 73143 72906 73209 72998 73082 73052 73026 73001 72994 73174 72949 72942 73173 72992 72922 73195 73134 73207 72353

cores: 8
Hilo 0:72893 73443 109034 73847 73183 73130 73038 73464 73164 72836 73069 73235 73611 73531 73317 73615 73423 73385 73184 74289 73457 73468 75018 67497
Hilo 1:73317 72885 72903 73045 72785 72859 72902 72853 73006 73033 72881 72932 72936 72883 72856 72973 73325 72880 72904 72990 73061 72819 73546 72995
Hilo 2:145764 72957 73042 72841 72894 72868 72900 73107 72894 72946 73796 73560 72885 72926 73105 72829 73043 73012 72908 73018 72673 72832 72933 59372
Hilo 3:145751 73062 91392 73170 73177 73187 73225 73213 73486 73362 73411 73486 73395 73880 73153 73287 73180 73402 73553 73511 77154 73379 70531 53336
Hilo 4:72866 73122 73094 72775 73325 72825 72875 72857 72790 72848 72919 72763 72940 72751 72842 72897 72843 72768 72845 72966 72771 76478 72860 73096
Hilo 5:72771 72767 72903 91241 72877 73034 73179 73541 72969 72983 73065 72926 73086 73619 73032 73068 73571 73111 72827 73026 73014 73565 77309 70817
Hilo 6:72777 72836 72827 73127 72950 72881 72764 72809 72819 72842 72946 72865 72882 72934 72877 72880 72859 73072 73131 72903 72760 72794 72897 72851
Hilo 7:73024 73065 110095 73044 73144 73226 73149 73138 73179 73322 73412 73260 73265 73275 73167 73135 73028 73153 73288 73310 73242 73340 73258 67631

VM results:
