i5-660 4
VMs: 2

cores: 1
Hilo 0:59233 62683 63298 61169 57065 55946 56283 56514 55589 55533 55875 55400 55361 55249 55178 55183 54947 54925 54982 54924 54808 54837 54764 54774

cores: 2
Hilo 0:72861 74117 74621 72823 73641 73835 73654 74132 73587 74390 73784 73124 73284 74836 73515 72990 73345 74254 73429 72930 73619 73510 73813 72965
Hilo 1:74265 73945 73728 74268 72020 74216 74151 73289 73946 75146 73063 73361 74803 73590 73564 73202 72602 74621 74506 72884 72337 74285 74149 73577

cores: 3
Hilo 0:94396 94331 94296 94292 94272 94360 94211 94634 94301 94656 94661 94309 94237 93860 94316 94248 94557 93882 94283 94492 93745 94293 94216 93966
Hilo 1:94569 93958 95715 97944 94032 94090 94043 93958 93974 94435 94326 94059 94062 94281 94503 94182 94306 94298 93928 94377 94379 93734 93966 92881
Hilo 2:93728 94206 94358 94322 94353 94184 94255 94424 94636 93886 93814 94270 94308 94602 94256 94678 93895 94258 94206 93972 94509 94284 94286 94365

cores: 4
Hilo 0:94382 94393 94349 94280 94986 140994 94391 130248 94466 94491 94955 94508 94507 94363 94285 94292 94582 94176 94202 95121 101013 127843 94657 88850
Hilo 1:94646 94208 94228 94479 141134 94608 94279 94298 94626 94451 94345 94891 94335 94303 94292 94518 94366 96359 94299 94474 100570 111439 94336 94395
Hilo 2:94448 94726 94657 94737 187757 94745 117769 94798 94731 94899 94690 94703 94884 94698 94712 96040 96740 94647 94597 94719 94446 94856 94867 88110
Hilo 3:94096 94268 94418 94290 93845 94719 94621 94256 106871 94345 94216 94424 94223 94402 94321 94275 95025 94343 94053 94219 94865 145555 94649 94927

VM results:
