i7-4770 8
VMs: 2

cores: 1
Hilo 0:51968 51781 50342 50520 50440 50315 50377 50320 50311 50297 50279 50448 50306 50282 50290 50360 50329 50255 50395 50378 50248 50339 50367 50233

cores: 2
Hilo 0:51268 50360 50143 50211 50270 49867 50081 49684 49772 49853 49870 50169 50049 49699 49825 49741 49704 49682 49664 50219 49929 50003 49901 49759
Hilo 1:51234 50310 50292 50196 50308 49893 50016 49749 49727 49756 49772 50237 50365 49787 49789 49811 49714 49683 49730 49760 49901 50006 49844 49771

cores: 3
Hilo 0:60509 63441 59821 60487 57092 60514 63544 57846 57692 62312 56828 59463 62400 59842 58510 61313 55909 55855 59365 56952 59629 58814 59609 57620
Hilo 1:59603 53707 60165 58541 62563 61115 58239 59513 61541 57708 59039 63341 56105 56809 58592 60448 60771 58981 57593 58518 61028 61200 59448 54920
Hilo 2:59356 60737 58765 58983 65657 64727 59893 58037 60197 62299 58803 61076 58135 60641 65272 59883 60485 61588 59529 59772 60046 58966 59463 55043

cores: 4
Hilo 0:65814 65756 64838 67326 67924 69277 67869 68430 67662 69268 68941 67597 66116 68143 66511 65891 69025 65366 67956 66084 65585 65599 66225 68327
Hilo 1:67155 66093 67169 67209 68916 65824 68175 67444 67659 66693 67063 68631 66796 68328 65964 67718 66868 67468 65716 68337 68685 67195 68221 67541
Hilo 2:69348 69564 68534 65497 66127 67821 68060 68827 67360 67460 66450 66309 66239 67124 66154 66290 62609 67239 68147 66737 66886 66366 70152 66347
Hilo 3:67855 66980 66248 68348 66577 64827 67191 67165 67433 66525 67874 65739 68243 65815 69146 68517 69790 67742 68211 65976 67655 68887 67200 65149

cores: 5
Hilo 0:74620 73937 74632 74885 74486 73960 73936 73987 74185 74398 74945 76020 77814 77173 76757 76339 76954 76995 77113 77381 77291 77294 77148 74203
Hilo 1:74186 74725 75028 74660 74744 74312 74771 74799 74300 74417 74503 76017 78024 76378 76055 76960 76255 76794 76882 77091 77531 77089 78355 74101
Hilo 2:74810 74350 74407 74838 74393 74687 74858 73915 74083 74747 74174 76002 78072 76100 76178 76853 77286 77691 77153 77303 77589 77232 77282 74243
Hilo 3:73811 74729 74689 74919 74454 74258 74624 75190 74844 74412 74544 75226 77552 76232 76659 76885 76942 76877 76610 77268 77557 77910 77657 74405
Hilo 4:74584 75136 74551 74510 74970 74335 74264 73965 74733 74796 74391 76160 78350 75881 75923 76478 76420 76843 77066 77302 77611 77598 77656 74812

cores: 6
Hilo 0:83278 81954 81988 79280 82077 81950 81077 81828 81758 82004 81968 82088 82145 83227 82026 81943 81516 82083 83057 82010 82441 81484 82177 81988
Hilo 1:81959 83140 83221 83111 83266 83250 83210 83267 82423 83148 83272 82791 83227 83110 82962 82966 81632 83257 81828 82934 83249 82908 83189 75581
Hilo 2:81710 82607 83256 82068 81659 81675 81667 81735 83028 81678 81755 81661 81780 81721 81724 82172 82929 81721 80522 81803 82267 82032 81891 81824
Hilo 3:83329 81799 81570 81708 83285 81688 83313 81746 83039 81613 82823 82114 82792 81784 81768 81670 83360 83019 83040 81871 81743 83075 82294 79855
Hilo 4:82198 82247 81748 83197 81854 83201 80289 83234 82137 83264 82409 83057 81990 82101 83177 83153 82571 82084 82180 83175 83245 82016 83165 79311
Hilo 5:81795 83323 82763 82417 82247 82714 82265 82438 81655 82507 82285 82217 82182 82709 82162 82071 82640 82083 82356 79735 79488 82280 82018 82537

cores: 7
Hilo 0:83175 82202 82137 82166 82142 82174 79285 81894 81990 81925 81933 82154 81899 81918 85837 80461 82004 88799 82006 86461 81940 109198 99051 81366
Hilo 1:82883 83480 82273 84694 85858 82081 82173 82139 82507 82252 82164 82999 82265 82720 86681 124018 82224 89263 82050 113962 94142 87384 82097 70608
Hilo 2:81422 82332 82042 82310 83359 81980 81934 82654 82295 82174 82166 81956 83251 81974 86404 82016 82032 90523 82807 81997 82043 103582 81976 80418
Hilo 3:82248 82043 81692 81749 81871 85148 81631 82014 81682 81714 83160 81933 81771 81711 79438 82801 111007 82751 82351 81740 116509 93621 81668 79825
Hilo 4:81912 82335 83183 83228 84630 83212 83460 83284 83348 83252 81910 83396 83189 87534 107016 83274 82804 82386 83331 82887 83300 106182 83323 98113
Hilo 5:83476 83360 83246 83182 83206 84501 120603 83294 83212 83448 82732 82555 83142 106493 82501 82046 83268 86827 83276 84309 81849 93888 83248 75316
Hilo 6:83330 83230 83201 83239 83232 84554 121022 83256 83134 83481 83224 83145 83224 83290 83121 95672 83278 86359 83249 91386 83102 94114 103193 67173

cores: 8
Hilo 0:163241 82750 83513 82631 82528 83045 82578 82454 82945 82423 82508 82570 82588 82221 83385 82827 82912 82600 82569 82936 82409 83295 82810 82419
Hilo 1:82084 101943 82506 81591 82281 81963 82171 81896 81923 131865 97626 82180 82187 81988 84632 82169 93419 114542 82058 81973 90088 82168 103308 78145
Hilo 2:82003 82128 82080 82181 80999 94052 84122 83704 81631 84311 81379 82117 82099 82628 110588 82077 119953 90877 88278 129662 82082 81900 80757 82589
Hilo 3:81905 81940 81989 82046 81894 84763 82014 79506 82419 90294 81982 121128 81976 110861 81919 81994 88276 82520 85070 84858 103855 82074 82023 82021
Hilo 4:163234 83249 83115 104968 83270 83246 83199 83311 83210 83262 83280 83251 83225 83174 83270 83236 83263 83277 83273 106206 83233 83255 83252 81593
Hilo 5:83242 82551 83214 83217 83132 92065 83225 141049 86466 83274 81936 83175 83038 83202 83251 89251 83253 122875 83234 83287 86258 83237 83226 83230
Hilo 6:83275 101253 83449 105054 83233 83242 83206 83350 151736 83198 105493 83385 82295 101609 83233 81855 86501 84819 85618 82209 83295 85590 83016 69306
Hilo 7:83171 83278 83244 83314 83200 83202 83200 155465 82585 82869 83253 83679 83245 85612 101461 83224 110259 83210 83242 83239 83645 83223 101259 77275

VM results:
