i5-660 4
VMs: 3

cores: 1
Hilo 0:75874 76460 74950 75173 74592 74591 74446 74801 75005 74180 74990 74984 74269 75946 74865 75806 75204 74691 73651 75224 75040 73991 75186 73115

cores: 2
Hilo 0:94404 94175 95174 93900 95016 94201 94104 94105 94233 94037 94153 94311 94413 93965 94228 94172 94053 94139 93985 94357 94164 94290 93998 93788
Hilo 1:94587 94132 94589 94031 94705 94091 94064 94120 94140 94138 94148 94121 94165 94121 94039 94000 94036 94065 94062 93824 94068 93953 94053 94043

cores: 3
Hilo 0:94422 95229 94689 94392 185677 94392 94050 184485 94433 94406 103083 94400 94415 94407 180793 94504 94370 94455 94392 102665 183506 102215 94365 94724
Hilo 1:93905 187406 94167 185703 93858 93473 184511 93885 93789 102711 93657 94002 93809 180798 94464 94415 97430 94161 102111 183596 101862 93913 93919 74841
Hilo 2:95144 187428 94802 94641 94533 94901 98055 94687 94625 94818 94825 94764 94747 94831 94840 94509 94476 94595 98441 94735 94762 94712 94563 94472

cores: 4
Hilo 0:94448 141839 94270 117871 93923 94970 94088 131410 95704 94000 94011 94536 94246 170617 94378 94606 190222 94415 94487 131265 147997 185777 114892 115013
Hilo 1:94395 94591 94427 118194 164943 166400 131659 94394 130147 94648 94459 130472 94727 111792 95256 182474 184743 94504 111056 94565 94476 127477 94142 94118
Hilo 2:94771 141532 141877 165886 166405 94829 94675 130201 189272 130321 187786 94707 102278 93833 94113 94414 131434 164569 148247 118931 115159 94167 73489 74183
Hilo 3:95017 94486 94925 94862 94976 94748 94704 94812 95046 94865 107749 176414 94859 94968 94790 96166 96683 94799 101404 178085 94791 94719 94705 94837

VM results:
