i7-2600 8
VMs: 1

cores: 1
Hilo 0:56380 56378 55971 55937 55781 55765 55945 55923 56114 56010 56017 56019 56012 56021 55962 55959 55950 55954 55942 55960 55950 55951 55934 55939

cores: 2
Hilo 0:58103 57193 56553 56589 56720 56572 57001 56857 56542 56774 56821 56721 56562 56506 56635 56755 56589 56557 56738 56642 56693 56790 56522 56518
Hilo 1:57955 56892 56634 56552 56616 56668 57002 56929 56491 56714 56968 56645 56596 56488 56605 56791 56540 56608 56792 56770 56743 56780 56679 56674

cores: 3
Hilo 0:57945 57199 56419 56422 56487 56283 58447 56457 56378 56559 56440 56371 56354 56286 56511 56360 56621 56755 56616 56420 56372 56288 56391 56497
Hilo 1:57693 56912 56508 56398 56481 56293 58098 56336 56354 56318 56380 56333 56272 56405 56355 56355 56681 56438 56357 56389 56358 56335 56386 56465
Hilo 2:57986 57236 56393 56472 56321 56312 57933 56505 56383 56601 56329 56348 56443 56428 56383 56447 56768 56709 56623 56396 56489 56371 56398 56523

cores: 4
Hilo 0:67258 68834 69186 66354 68701 69788 65955 68224 68324 68546 71535 65560 67922 69991 66968 66880 68201 65745 66600 66345 69686 68244 69397 59741
Hilo 1:65155 65782 65608 63792 69660 67028 66760 70059 67557 68349 67504 68157 67173 68473 66817 66482 70115 67830 69153 70714 67257 68970 67983 61586
Hilo 2:67604 67543 66497 68113 65741 63294 67500 63648 65305 66498 65563 65406 64503 66523 67889 68785 64934 67091 67861 67297 65082 62811 63952 63437
Hilo 3:68246 67322 68811 69993 67823 66642 69113 65459 67046 65497 67321 67964 68838 65053 68545 67621 67977 67171 65433 67529 66513 69728 66435 60075

cores: 5
Hilo 0:75959 77023 79768 76294 77781 76884 77105 77548 76806 77623 78282 77808 78219 76950 77416 77388 77491 76834 76148 75750 75305 76303 76341 75383
Hilo 1:77980 76591 78128 78446 75032 75548 75541 77232 76230 78776 77690 77648 77125 76593 77439 77728 76628 76543 74795 76052 78434 75528 77847 76690
Hilo 2:78496 76591 76493 76265 77785 78005 78470 75963 78208 78815 76959 77388 77310 76829 74203 75957 76171 77062 78003 78536 77343 77682 77460 74755
Hilo 3:76231 77089 77368 76906 76590 76751 76773 77130 76070 74797 77170 77051 77583 76560 77121 76779 76281 76012 77496 76002 76866 77062 76617 75855
Hilo 4:78793 77446 75810 78909 79136 78421 76999 76933 78156 75782 77771 76094 78841 76295 78196 77379 75888 76986 78179 78421 76873 76675 76132 72997

cores: 6
Hilo 0:86395 85645 85558 85793 85815 85956 86176 86145 86074 85985 86449 85772 85702 86228 85552 85549 86189 85690 85349 85914 86317 86214 85730 84216
Hilo 1:85787 86058 85646 86641 85834 85540 85503 85530 85891 85668 85891 85883 85364 86575 86305 85763 85432 86067 85842 86015 85836 86003 85676 85061
Hilo 2:85701 85992 86211 85812 86009 84991 85841 86017 85361 85711 85258 86035 86071 84891 85748 86376 85777 85872 85773 85123 85910 85816 85945 85859
Hilo 3:85604 85495 85809 85494 85658 86064 85522 85513 85482 86185 86122 85765 85587 86463 85999 86014 85955 86362 85452 86070 86165 85834 85042 84859
Hilo 4:85245 86052 85786 85792 85315 86083 86136 85635 85952 85898 86362 85882 85852 86152 85940 85534 85935 85889 86310 85738 85499 85629 86189 85160
Hilo 5:86056 85471 85767 85681 85758 85684 85637 85611 85725 85680 85555 85765 86026 85398 85460 85630 85580 85832 86324 85941 85473 85905 85569 86581

cores: 7
Hilo 0:93789 93847 93871 93774 93958 93777 93797 93836 93821 93846 93874 93882 93882 93801 94264 93803 94264 93878 93849 93845 93826 93808 93817 93425
Hilo 1:94210 93410 94286 94153 94348 93916 94596 97127 93881 94110 94272 94241 94029 94132 94013 93951 93921 93993 94342 94206 94147 94379 94224 90232
Hilo 2:94284 94397 94232 94298 94282 94078 94304 94423 94212 93841 93788 94250 93805 93598 93880 94214 94327 94261 93811 93957 93781 93806 94299 91728
Hilo 3:94222 93806 93448 94007 93946 93907 93490 93942 94060 93785 93790 93795 93806 93829 93803 93985 93798 93801 94303 94193 93956 94250 94270 92990
Hilo 4:93676 94296 93917 94014 93904 93806 94948 96273 94153 93999 93916 93897 93877 94244 93580 93794 93629 93890 93904 93974 94388 94205 94124 91419
Hilo 5:93783 94244 93792 93847 93800 94287 93834 93413 94222 94248 94283 93758 94285 94184 94241 93834 93786 93814 93756 93781 93784 93759 93757 92976
Hilo 6:93787 93630 93669 93503 93623 93308 93630 93620 93851 93693 93329 93324 93299 93642 93640 94128 93852 93319 93268 93609 93314 93384 93623 93607

cores: 8
Hilo 0:93822 93369 94184 117475 94273 100976 119857 93933 94214 94279 94282 94262 124686 115175 93874 94194 112411 94400 101820 101350 94281 94285 94248 103709
Hilo 1:140706 93877 93827 140075 111300 100953 168545 103330 99101 98945 102618 121986 169591 113310 178794 93855 93662 93820 93790 93818 91020 65128 56362 55988
Hilo 2:93745 93852 93807 117130 94639 93825 93592 93849 93787 104877 98479 101301 129420 93857 93876 93816 107363 94322 94282 122399 94149 94238 94141 93602
Hilo 3:94969 117222 94062 93938 93953 104556 94341 93841 95434 97125 106420 125382 94265 126892 94394 122472 178886 107212 134268 94247 93994 142394 62890 56440
Hilo 4:93627 140177 94204 93938 105404 93697 119899 93964 128147 98819 106308 113053 93805 178708 95079 93891 93575 107617 93184 110031 94062 93814 94522 58727
Hilo 5:140738 117217 93966 93844 94146 94244 94052 154345 115713 94062 123073 112958 94230 94155 93926 95086 94091 94117 97309 94158 94382 94349 94258 74259
Hilo 6:93799 94366 93818 93862 93983 105659 97848 93916 103436 99778 98794 94922 93809 93858 105710 93853 125555 93962 93785 101351 93793 98625 93779 109830
Hilo 7:93308 93619 93674 140250 93596 102393 119945 93214 95936 93531 93373 93228 95783 93302 93654 93521 93384 93840 93465 115869 122582 93752 93722 101315

VM results:
