i7-2600 8
VMs: 2

cores: 1
Hilo 0:56166 56109 55630 55627 55552 55526 55765 55816 55832 55915 55911 55926 55913 55951 55938 55945 55925 55935 55935 55939 55937 55922 55939 55936

cores: 2
Hilo 0:56666 56427 56374 56355 56421 56412 56426 56522 56559 56475 56309 56489 56443 56336 56494 56475 56576 56419 56435 56414 56448 56731 56332 57120
Hilo 1:56675 56401 56434 56349 56401 56345 56325 56444 56410 56426 56278 56418 56416 56333 56412 56342 56511 56302 56368 56387 56367 56819 56397 57171

cores: 3
Hilo 0:57201 56977 56719 56455 56807 57172 56814 56793 56792 57103 56888 56720 56687 56987 56640 56589 56491 56391 56416 56273 56349 56451 56647 56698
Hilo 1:57061 56949 56904 56400 56661 56999 56739 56685 56441 56645 57012 57114 56771 57477 57712 56849 56994 56519 57065 56393 56464 56699 56597 56665
Hilo 2:57169 57005 56771 56442 56768 57419 56757 56655 56740 57252 57308 57087 56980 57255 57679 56878 56907 56646 57072 56501 56412 56714 56922 56536

cores: 4
Hilo 0:61071 59018 59381 57582 56946 57425 56754 56904 56942 57055 57048 57056 57126 57145 57013 57618 56846 56634 56884 57100 56958 57532 56683 56606
Hilo 1:60403 58911 59155 57611 56914 57380 56583 56727 56753 56889 56834 56576 56796 56564 56553 57321 56671 56479 56659 56734 56605 56727 56881 57441
Hilo 2:61327 58753 59224 57248 57071 57403 56830 56815 56805 57077 57064 57109 56921 57051 57329 57419 56776 56915 56965 57180 56945 56656 56858 56503
Hilo 3:60894 58710 58858 57408 56691 56662 56584 56769 56706 56721 56955 56696 57146 56833 56922 57779 56765 56946 56864 57039 57115 57651 56695 57455

cores: 5
Hilo 0:68905 69412 68444 69766 66629 68997 66901 67746 67978 69169 68620 67484 67940 67600 65341 65942 67072 67309 64692 67932 70012 68386 68546 65414
Hilo 1:68672 65720 67240 68152 68543 70132 69409 68984 68719 66703 65622 66466 66663 68825 67245 69864 67947 66941 67891 69726 67882 67718 68407 63853
Hilo 2:65751 68310 67361 65744 67994 67955 68708 67813 69607 68035 69898 68495 66866 67000 67019 66391 67113 67684 69981 65885 67532 68069 68239 65982
Hilo 3:65962 66803 66454 65328 67540 64095 66399 66010 65142 64932 69134 70965 69063 69160 67586 69707 67336 67082 68426 68400 66179 68047 65356 67975
Hilo 4:70509 68378 69443 71369 68593 67298 68390 68335 68753 68272 65942 67057 68308 69808 70668 66755 69832 68586 68293 69578 69341 69537 68706 62171

cores: 6
Hilo 0:77506 78242 76477 76835 77380 77776 77179 76655 78196 76956 77679 77038 77537 77724 76334 77061 78086 78227 77509 76305 76899 76745 78179 77239
Hilo 1:76575 77839 77383 78526 77868 78808 78923 78146 78334 78014 79149 78267 77016 76521 77869 78288 77585 76411 78043 77013 77434 76436 77074 75074
Hilo 2:79189 77832 77035 78293 76592 77021 77761 76449 77109 76726 77872 78941 77728 78296 76866 78612 77604 76545 77939 78156 77188 77617 77505 75764
Hilo 3:77537 76559 77325 76513 77319 77173 76481 79071 76551 77417 77299 77043 78350 77937 77680 76066 77380 77789 77834 77320 76925 77984 76695 78529
Hilo 4:77200 76779 77842 76978 79284 78603 78409 77313 79130 78562 78585 77884 77795 77674 78726 77682 77946 77794 77607 77882 78222 78015 77995 72742
Hilo 5:77868 78376 78582 77881 76823 77498 77423 77732 77821 77180 77119 76984 76482 76919 78022 77734 76949 78191 79177 79500 77933 77652 77558 75357

cores: 7
Hilo 0:85397 85462 85809 85429 85776 85189 86043 85491 85106 85590 85673 85822 85696 85361 85723 85449 85354 85863 85496 85687 86076 85470 85475 85361
Hilo 1:85756 85903 85474 85900 85467 85348 85630 85591 86164 85631 85869 85261 85837 85414 85808 85624 85436 85453 85593 85572 85653 85847 85798 84972
Hilo 2:86077 85661 85949 85146 85378 85785 85462 85637 86028 85255 85786 85661 85440 85820 85702 85467 85571 85195 85521 85306 85614 85520 85259 85517
Hilo 3:85890 85115 85682 85709 85506 85489 85326 85875 85815 85628 85377 85993 85644 85578 85447 85516 85936 85433 85792 85557 85792 86066 85465 84858
Hilo 4:85626 85934 85622 85350 85441 86067 85638 85713 85662 85353 85164 85530 85809 85287 85575 85521 85513 84928 85969 85627 85391 85556 85622 84993
Hilo 5:85448 85438 85308 85858 86251 86030 85631 85237 84617 85388 85519 85681 85551 86081 85107 85940 85905 86529 85443 85821 85609 85321 85854 85017
Hilo 6:84950 85598 85323 85675 85280 85608 85361 85526 85813 86080 85708 85263 85608 85527 85767 85451 85456 85678 85430 85948 85572 85373 85617 86253

cores: 8
Hilo 0:93763 94249 93748 93955 93869 94221 93756 93821 94260 93812 94072 93709 93705 93827 93766 93764 93741 93707 93713 93717 93740 93765 93721 93349
Hilo 1:93806 93788 93826 94216 94283 93808 93781 93725 93910 93813 93774 93814 93843 93806 94329 93848 93820 93830 93848 93808 93838 93865 93851 93158
Hilo 2:94183 94362 94451 94297 94218 94263 94299 94256 94437 94501 94365 94397 94439 94324 93868 94406 94353 94328 94265 94316 94350 94396 94328 89233
Hilo 3:94447 93733 93719 93822 93747 93833 94201 93816 93854 93763 93794 93697 93395 93659 93748 93784 93601 93832 93752 93701 93756 93739 93773 93962
Hilo 4:93876 93840 94074 93856 93825 93847 94120 93846 93942 94043 93908 93900 96069 93863 93852 93908 94074 94207 94222 94154 94122 93977 94039 91711
Hilo 5:93828 93824 94350 93935 93802 93824 93826 93834 93826 93596 93830 94483 93849 93837 93826 93847 93811 93809 93838 93902 93808 93808 93811 93139
Hilo 6:93855 93589 93589 93580 93606 93596 93616 93636 93622 93778 93531 94851 93671 93731 93599 93562 93766 93588 93587 93822 93623 93598 93573 93558
Hilo 7:93594 93778 93827 93819 93870 93739 93857 94242 93911 94365 94273 93945 97136 94244 94207 94245 94218 94242 94216 94252 94220 94304 94188 90007

VM results:
