i5-660 4
VMs: 3

cores: 1
Hilo 0:77382 77425 76173 76766 76238 76159 75978 75557 74936 76078 77497 75405 77237 76491 75111 77097 76043 74706 76178 75871 76462 76380 74788 76691

cores: 2
Hilo 0:94123 93519 93506 93509 93489 93500 93717 93505 93715 93496 93428 93464 93461 93503 93472 93445 93658 94132 93925 94428 94340 93957 93892 93458
Hilo 1:93717 94160 94253 94192 94262 94182 93552 93585 94317 94242 94192 94141 94159 94211 94166 94527 94242 93844 94378 94159 94618 94330 94188 92139

cores: 3
Hilo 0:94194 94127 94146 94199 101437 100071 94094 94074 100114 187054 94102 94163 94896 94167 94143 94109 186885 94155 94101 93393 94595 94107 94080 93796
Hilo 1:94822 94856 94588 94480 94684 94272 94204 94617 94509 94689 94776 94381 94565 94634 94668 94673 94840 94459 94635 94954 94679 99403 95012 94618
Hilo 2:93897 93960 94334 94353 101236 99923 94257 94239 99987 187083 94181 94220 95125 93913 93921 93952 186897 93985 93958 94201 93676 93982 93941 93922

cores: 4
Hilo 0:94525 94617 94553 94578 104601 94520 94604 94638 94589 94571 94711 94942 94844 94607 94617 94590 94585 94783 95006 94737 94848 94854 94701 94619
Hilo 1:94049 94346 94044 94598 105648 94095 178180 94126 94075 96447 93735 169682 94126 94094 170042 94252 170581 94209 170812 139273 156773 94124 94068 94136
Hilo 2:94932 95013 94954 188960 95086 94816 94943 95071 95028 178182 95043 95064 95037 95066 94989 95123 95002 94834 95080 95043 94765 94765 94774 94768
Hilo 3:94641 94367 95354 188981 94331 178249 94290 94403 180977 169734 94270 94274 170125 94599 170688 94360 170888 139582 156681 93866 93951 93875 77690 74534

VM results:
