i7-4770-NTB 8
VMs: 2

cores: 1
Hilo 0:56573 56840 56856 56697 56431 56717 56734 56174 56117 56274 56296 56378 56774 56560 57063 57108 57174 56395 56332 56289 56495 56376 56293 56377

cores: 2
Hilo 0:59140 59004 59520 58943 61042 60656 59330 58159 58768 60842 59665 59339 59237 59252 61577 57821 58394 58658 59923 59206 59859 59491 58513 59941
Hilo 1:59358 58666 59580 58495 61707 59766 59186 59473 58245 60297 59088 59489 59054 60168 61887 58289 58768 59361 59802 59797 59441 59263 59853 58872

cores: 3
Hilo 0:63029 66597 66171 66942 65208 66602 66184 66022 65969 66428 66609 65808 66465 65055 64911 66170 66503 66598 66844 66270 65416 64432 66280 60966
Hilo 1:63316 64918 63895 62928 64013 63711 62945 63396 62357 64083 63352 63490 63602 63045 62224 66274 63112 64397 63319 64140 64153 63142 63054 64216
Hilo 2:64411 65332 65209 67079 65399 64664 64538 63740 65252 66007 65595 65512 65708 64985 65596 66932 66318 66815 65815 66009 65476 64203 67162 61372

cores: 4
Hilo 0:69013 69496 69831 69619 69742 70188 69969 70290 69391 69650 69359 69900 69289 70036 71269 70603 69766 68713 69887 69984 70547 68198 68373 69534
Hilo 1:70588 70309 69379 70114 69965 70655 69821 69846 70481 71388 69250 70398 70024 70997 71610 69391 70233 69681 70717 70158 70153 70734 70772 67927
Hilo 2:70253 69662 69576 69697 70387 68750 68396 69508 70221 70005 70248 69745 70144 71257 70988 69993 70422 69370 69554 70253 69753 69844 70345 69924
Hilo 3:70413 69565 70905 70890 69427 70718 71138 68306 70656 71080 71000 69186 70683 70965 70436 71043 70301 71064 70700 70097 70869 70969 70090 67552

cores: 5
Hilo 0:74593 75005 75104 74711 74358 74615 74095 74412 74372 73679 74920 74789 76112 75859 74548 73976 74932 74620 73738 74315 74572 75082 73747 74906
Hilo 1:75123 74039 74098 75030 74946 74350 74605 75104 74710 74176 75228 74127 75772 75561 73659 74380 74081 74756 74516 75014 74457 74080 74487 75441
Hilo 2:74139 74539 74890 75068 74441 75097 74992 74284 74606 74248 74040 74464 75345 76241 74073 75291 74616 74659 74850 74170 73814 74073 75327 74273
Hilo 3:74561 74477 74630 73630 74549 74420 74693 74716 74925 75119 75431 74106 76055 75803 74708 74814 74654 74599 74651 74889 74477 74888 74757 74121
Hilo 4:74670 74833 74725 74065 74874 74800 74662 74194 74571 74552 74167 74818 75324 75532 75363 74386 74309 73996 75075 74662 75385 74530 75287 74041

cores: 6
Hilo 0:79259 79380 79227 79201 79277 79327 79560 79172 79230 79318 79539 79303 78990 80000 81081 79289 81400 79753 79155 79392 79280 79173 79269 78958
Hilo 1:79174 79309 79673 79686 79423 79420 79373 79219 79743 79324 79303 79506 79250 81355 79396 79481 79310 80206 79482 79751 80559 79199 79333 78993
Hilo 2:80825 80606 79680 79749 80507 80184 80356 79640 79206 80383 79264 79912 79259 79698 81891 85260 80642 80159 81854 79871 79628 80176 80528 73567
Hilo 3:79297 79309 79397 79309 79123 79779 79389 79999 79286 79193 79204 79304 79619 79443 79853 79461 79201 79363 79404 83496 79873 79217 79552 78605
Hilo 4:79365 79305 79304 79186 79293 79187 79232 79312 79396 79325 79836 79319 80298 79297 79201 79409 79231 79801 79077 79190 79295 79199 79352 79347
Hilo 5:79202 79156 79343 79271 79450 79405 79451 79250 79140 79456 79399 80162 79524 79917 79551 79244 79107 79238 79326 79721 79202 79292 79196 79231

cores: 7
Hilo 0:79335 79951 79546 80418 86846 79106 79227 79362 79187 79186 79201 92490 79200 79219 79171 79361 79156 81058 79386 88297 85911 86144 79680 78166
Hilo 1:79226 79810 79562 79388 80247 80337 79524 79254 79748 82555 79732 83224 79735 80072 79295 84946 79531 79186 79372 79638 79624 90168 79488 80156
Hilo 2:79272 79357 79437 79560 79280 79408 79694 79701 80013 79296 79280 79292 79036 80225 79810 84727 81278 79701 79911 79333 79593 79919 79769 79566
Hilo 3:80344 79622 79328 95129 79256 79229 79369 79165 79217 79467 79311 81804 79472 79758 81901 80063 80249 79327 79302 79567 94912 89826 80338 77375
Hilo 4:79655 80310 80435 90231 81480 80019 80529 79970 80559 80637 80575 86266 80593 81726 80596 80096 80989 80669 80194 86007 94865 80564 79808 74772
Hilo 5:79491 79498 79483 79420 79451 79290 79737 79743 79374 79467 81791 79245 79720 82818 79545 79580 79577 79779 79553 79644 79359 79358 79493 79842
Hilo 6:79707 79295 79249 79374 79374 79220 79291 79356 79264 80090 79608 79323 88669 79391 80060 79485 81559 79327 81136 79481 87409 79388 85847 79537

cores: 8
Hilo 0:79032 79482 79685 116657 79623 80731 79461 79594 80559 96986 79419 81432 79427 127233 79718 79194 79607 79638 79553 81190 79623 116535 79567 75187
Hilo 1:85568 79045 79311 134754 88390 79155 79292 82307 104629 91854 79747 79116 79622 79201 80015 79567 79124 79233 79169 84558 79163 79186 107474 76226
Hilo 2:79633 79669 79826 79748 79685 79779 79436 84268 82368 79701 79686 79809 79725 79699 79435 79454 79644 89154 79966 94943 79521 79787 79888 79632
Hilo 3:79413 80029 79732 79373 79935 88655 112084 79701 79467 79327 86767 82555 82220 79560 79488 79610 79388 79764 90052 94904 79512 79451 79351 96342
Hilo 4:81159 79404 79530 79342 96908 88608 79356 86205 97922 79295 84895 105363 79941 130644 81011 88827 90183 87898 79429 79357 79249 79383 79226 70581
Hilo 5:162170 81619 80481 79748 80309 80384 82915 82119 80559 81433 80074 79824 80692 80028 89676 80639 80418 79841 80301 82133 80756 80403 90115 78388
Hilo 6:162200 79436 79451 79389 79467 79403 79465 79560 79483 79420 79450 79446 79476 79419 79508 79529 79435 79435 79454 79401 79468 79389 79460 88764
Hilo 7:79349 79280 79685 79327 79280 87969 111870 79384 105862 94459 79310 104989 79442 79357 87432 79326 79420 79638 87802 79331 79349 114295 81370 76706

VM results:
