i7-2600 8
VMs: 0

cores: 1
Hilo 0:52088 51980 51933 51979 51933 51933 51854 51918 51932 51917 51840 51948 51870 51886 52120 51824 51870 51886 51808 51745 51902 51886 51886 51901

cores: 2
Hilo 0:53165 53134 53258 53181 53181 53227 53197 53227 53197 53352 53165 53181 53305 53259 53165 53134 53228 53290 53227 53212 53181 53274 53321 53306
Hilo 1:53134 53149 53290 53274 53290 53165 53181 53212 53196 53384 53274 53087 53353 53181 53321 53118 53259 53165 53212 53181 53227 53150 53290 53274

cores: 3
Hilo 0:63586 64023 63352 63258 63696 63601 64023 63337 62650 61480 61542 61542 62916 61885 64007 64008 63461 62353 63789 65177 64741 64849 64819 57455
Hilo 1:62026 61933 61948 62837 61589 63555 62728 61589 62400 60919 60762 61028 60747 61183 61153 62572 62041 61465 60980 62572 62182 61636 61574 63477
Hilo 2:62291 63446 62198 62790 61792 62369 63711 61402 63305 61745 61402 61246 61168 60794 63945 63633 62837 61605 62323 64210 63882 63321 63508 60341

cores: 4
Hilo 0:67486 65006 64865 65006 65005 65240 64959 65068 64974 65037 65052 64897 65115 65411 65349 65302 64725 64693 65037 64631 64975 65083 64803 64943
Hilo 1:69093 65458 65801 65817 66457 66019 65739 66378 65490 65380 65504 64538 65474 65567 66488 65957 65598 65240 65614 66082 65364 65427 65240 62431
Hilo 2:66613 65832 66285 65988 66036 64943 65707 64944 65146 65224 64787 65723 65068 65895 65598 64320 64038 65567 65536 64943 66160 65271 65770 64569
Hilo 3:66269 65178 66113 65910 66176 65099 65661 65240 64927 65661 65162 65910 65068 65365 65005 64741 65052 65084 65255 64725 65489 64818 66004 63898

cores: 5
Hilo 0:71869 71776 71043 72213 70871 73368 71651 72525 71183 72338 71666 70825 71448 71761 73476 71059 73539 71588 72323 72914 72369 71511 71605 64834
Hilo 1:72665 72556 73461 72306 73758 72961 72119 73539 73118 73695 73367 73742 73117 73118 72946 73133 72775 73523 73477 74443 72822 72915 70996 58796
Hilo 2:69077 69233 69031 70980 69280 70060 69109 69779 68827 69795 68843 68610 69763 69296 68110 69077 69624 69592 69264 69592 68141 69000 69545 69139
Hilo 3:72103 72198 71308 70808 72775 70778 72805 71464 73477 72556 71526 72525 73227 73164 70513 71308 70528 73149 72618 71589 71371 71635 71667 64522
Hilo 4:70996 70715 70606 71807 70310 71480 72166 71448 71574 70231 71464 71168 69358 71948 72306 71573 71277 71043 69935 71574 71401 71542 71183 66972

cores: 6
Hilo 0:79732 79467 78421 79249 80512 78890 76331 78578 79903 79810 79218 81152 78952 79233 77314 79311 78858 80731 78983 79654 78312 78017 76596 64756
Hilo 1:77080 77017 79249 79529 76238 75801 77626 78344 78094 78843 79716 77158 76799 76441 77033 78141 77720 76596 76815 77346 74272 78375 79373 71308
Hilo 2:78609 79310 76644 76752 75988 79342 78297 79654 78126 79123 79109 76814 79265 77189 78468 76534 78017 75863 80044 79030 77657 77205 78906 70122
Hilo 3:76924 77688 79249 77454 77080 78562 79935 77814 77064 76721 76706 79280 78890 77594 79233 78126 79342 78312 76082 76970 78438 78172 75925 70529
Hilo 4:78079 78890 79498 79264 77673 78187 79031 79030 77953 79483 78437 80559 78999 79670 78562 79950 77361 76846 78157 77392 78812 79092 76316 67439
Hilo 5:75270 72728 72868 73570 77299 74662 73507 75786 74100 74678 75145 72479 74927 76487 74647 72727 73321 73617 76549 75162 75800 77798 72977 73789

cores: 7
Hilo 0:86113 86097 86003 86222 83304 82853 87469 85333 85284 86254 85849 84398 85450 84804 85226 85643 88178 85838 86337 84103 86505 87675 84960 83820
Hilo 1:83149 85005 84396 83617 85067 86628 83320 85348 84437 84819 85053 85068 85813 85600 85475 84833 84948 85807 83747 86101 86114 85179 85678 86784
Hilo 2:85957 87236 85317 86877 85691 85208 85878 84584 85457 84429 85740 86098 85996 86068 85350 86189 86087 85682 83591 85866 87098 87768 88423 82541
Hilo 3:86378 86409 87017 86581 88718 84739 86300 86627 86148 86567 86848 86957 86756 85818 85850 83941 86165 84637 85307 86131 85163 84601 84929 82057
Hilo 4:87735 84802 84615 86752 86378 87750 86269 86674 86162 85350 86504 85397 85073 85818 85521 87374 85604 85728 84138 87222 84930 84695 85677 81403
Hilo 5:86877 85254 86003 86019 85364 84958 85083 86066 86003 86380 84818 85241 86058 86036 85600 85861 84497 86368 87803 83276 84836 83759 85568 84913
Hilo 6:84163 84615 86237 84849 85582 85723 87235 85489 85081 86520 86442 85959 85574 85412 87083 85252 85308 86602 87351 87613 85819 86582 84040 82260

cores: 8
Hilo 0:93742 93648 94319 93678 94287 94303 94334 93476 94302 94287 94334 94302 94334 94303 94365 94334 94302 94303 94318 94287 94349 94662 94302 89763
Hilo 1:94257 95505 96330 95676 95472 95598 94006 95332 95457 93882 93694 95332 95332 93866 95504 95582 95550 94178 95270 95644 95457 95270 95254 81994
Hilo 2:95411 93711 93694 94272 93694 93694 93663 93679 94100 93663 93679 93678 94007 93647 93663 93694 93679 93522 93679 93663 93663 93835 93678 93211
Hilo 3:93680 93648 95098 93694 93991 93632 93632 93553 93648 93554 93600 93648 93538 93616 93538 93601 93616 94037 93819 93539 93834 93710 93554 93132
Hilo 4:93368 94693 93648 98078 93694 93647 93632 93679 93632 93647 95519 94007 93663 93663 93647 93647 93648 94240 93632 94209 93772 93538 93616 91511
Hilo 5:93648 93368 93351 93351 93382 93367 93382 93975 93382 93367 93382 93367 93663 93444 93398 93616 93367 93366 93383 93351 93382 93382 93382 93398
Hilo 6:93726 93883 93866 93897 93881 93975 95332 94256 93694 95317 93850 93648 93569 95317 94131 94006 94427 95286 93834 93694 93882 93741 94490 91011
Hilo 7:94179 94802 94475 93709 94553 94131 94100 94599 94131 94614 94147 94412 94318 94162 94630 94178 94583 94053 94100 94583 94506 94599 94131 89638

VM results:
