i7-4770-NTB 8
VMs: 1

cores: 1
Hilo 0:55528 55516 55464 55496 55483 55463 55459 55477 55454 55464 55437 55479 55473 55541 55511 55487 55449 55484 55448 55488 55474 55443 55481 55448

cores: 2
Hilo 0:57004 57214 57232 57515 57586 57689 57013 56988 57245 57328 57646 58281 57778 57528 57388 57637 57747 57882 57918 57750 58410 57666 57387 57556
Hilo 1:57337 57798 57015 57704 56894 57305 57245 57052 57136 56963 57166 58473 57747 57539 57055 57157 57449 58122 57645 57634 58404 57749 57552 58005

cores: 3
Hilo 0:58541 59271 60314 60464 59609 60164 58918 60727 60371 60177 59101 61327 59206 59804 60748 59982 58174 58274 61588 59440 59266 59954 60571 59351
Hilo 1:59006 59321 60626 60902 59257 60947 58921 60087 59442 59733 58443 61282 59547 59703 60156 58884 58521 58410 59873 59778 59130 60821 59966 59326
Hilo 2:58754 59838 60751 60975 59549 60899 59807 61444 60240 60434 58531 62036 59275 59947 60664 59309 58507 58912 60196 59377 59733 60462 59456 59181

cores: 4
Hilo 0:65902 65831 65429 66277 66320 64905 66598 65122 64967 65409 64808 66583 67137 65847 66189 67252 65781 66220 67395 65314 66018 65499 66051 64460
Hilo 1:64867 66558 66879 66749 65893 65560 67198 65510 65902 66515 65341 65788 67471 66392 65573 67065 66560 67063 67005 67066 66923 67304 66831 63656
Hilo 2:64892 65188 65329 65440 65870 64880 64671 64086 65137 65486 65710 65697 66662 66518 64348 64647 66554 66272 64553 65700 64511 64813 66160 65411
Hilo 3:64132 66188 65517 65486 65581 65210 65550 65607 64790 64695 64949 66039 66714 66954 65222 67081 66279 65597 66733 65970 66538 66233 66550 65567

cores: 5
Hilo 0:68487 68800 68894 68134 69375 68575 68484 68955 69172 69197 68484 71586 69017 69959 69045 67396 67686 69333 69134 68685 68989 68547 68694 68581
Hilo 1:71482 71124 70718 71104 70585 71142 71829 72314 71351 71290 71768 71679 70440 69924 70827 71124 71688 72056 70552 71791 71516 70977 70256 62221
Hilo 2:69194 68904 68461 69006 69561 68465 68905 68674 69438 69041 70155 72187 68788 69588 69806 70064 68575 69175 67529 69683 69145 70034 68563 68446
Hilo 3:70449 70004 70773 71150 71002 71018 70689 69336 69509 70882 69678 72219 70856 71841 71109 71186 70118 71411 69726 70629 69874 69054 70115 65684
Hilo 4:70179 70911 70806 70847 70707 70453 70334 70781 69952 70414 69238 71567 72493 71421 69970 70952 70694 70196 70177 70889 69894 71019 70963 66006

cores: 6
Hilo 0:74581 74556 74222 74232 74981 74481 75096 75602 74138 75181 76403 74957 74264 75345 74427 74302 74915 74121 75399 75187 74229 74308 74848 75188
Hilo 1:74496 75471 74819 74770 75100 75345 74173 74435 74377 75494 75711 74596 74872 74918 74604 75000 74660 73909 73583 74970 75002 74158 74858 74567
Hilo 2:74733 74997 74566 74667 73921 75229 74518 74695 74080 75244 76383 74133 74748 74258 74375 74333 75041 74943 74656 74422 75226 74572 74239 74769
Hilo 3:75008 74286 74207 74571 74591 75270 74565 74300 74918 75558 75951 74813 74701 74757 75061 75818 74820 75346 74845 74625 75008 76105 74552 73724
Hilo 4:74283 74269 74854 75567 74934 74498 74658 75238 76097 75219 75536 74690 74405 74706 74722 75014 74530 74869 74621 74126 74775 74736 74342 74331
Hilo 5:75471 74996 75227 74648 75076 74008 75173 74190 74849 75459 76276 75206 75544 75251 75005 75088 74387 75058 74423 74329 74774 74814 74910 73623

cores: 7
Hilo 0:79451 79280 79295 79207 79451 79312 79258 79273 79217 79340 79396 79327 79404 79277 79264 79264 79278 80184 79294 79278 79374 79255 79328 79123
Hilo 1:80200 79436 79311 79269 79545 79529 79305 79289 79374 79355 79584 79591 78984 79464 79654 79405 79355 79467 79641 79789 79374 79598 79718 78921
Hilo 2:79217 79311 80575 79877 80416 80749 80335 80521 79795 80712 81518 83586 86544 80639 82977 81370 79215 80840 81133 80309 79691 80407 80608 69599
Hilo 3:79170 79452 79560 80002 79374 79888 79274 79367 79467 79293 79490 79498 79404 79527 79483 79264 79574 79326 79570 79532 79374 79396 79235 79009
Hilo 4:79233 79872 79280 79331 79233 79216 79369 79242 79467 79293 79271 79327 79280 79558 79420 79623 79246 79841 79391 79306 79265 79473 79266 79293
Hilo 5:79139 79529 79358 79643 79264 79205 79178 79211 79529 79356 79302 79608 79404 79215 79202 79716 80775 79342 79726 79329 79359 79879 79563 78900
Hilo 6:79498 79248 79218 79128 79342 79412 79595 79507 79217 79325 79677 79186 79529 79277 79202 79155 79247 80652 79189 79149 79296 79255 79906 79291

cores: 8
Hilo 0:79206 79547 79354 95023 79530 79374 79436 87362 79451 79287 79468 79331 79482 94907 158513 83679 84856 83445 88988 79536 79404 79389 79452 64575
Hilo 1:87692 114958 79325 79205 79264 79218 79312 79295 90123 95730 79206 79264 94344 79249 79296 79342 79264 79396 79280 79587 79514 79373 79374 79216
Hilo 2:79455 80078 109884 79391 80123 79405 79577 79483 79358 106578 80160 79443 79389 91522 79435 83539 79872 90395 79451 79416 81214 79795 79810 78601
Hilo 3:80832 118110 80541 80874 80918 80450 88812 81027 80638 79569 80212 82766 84271 80649 80371 80559 94194 84123 80762 80102 88842 80403 81027 76932
Hilo 4:83556 79547 79525 79423 79437 79592 79468 79467 79421 79498 79412 79456 79592 79504 79893 135550 83678 85075 79514 111193 79420 79514 79607 76667
Hilo 5:79312 79283 79509 79298 79390 79499 79296 79280 79233 79452 79241 90407 79451 79219 102939 79374 79295 79209 79389 79311 79182 79311 79451 79280
Hilo 6:79282 79844 95188 79641 79499 79359 79436 79514 79546 79561 80020 79612 82322 79400 88453 79342 94490 79599 81417 98011 88983 79701 79467 79482
Hilo 7:79334 79141 79213 79157 79173 79264 79234 79077 79109 79280 79303 90999 99233 97683 79249 79077 86518 90785 98499 79244 88639 83726 79373 77665

VM results:
