i5-660 4
VMs: 1

cores: 1
Hilo 0:56447 55924 53746 53512 53741 53817 53746 53494 53839 53810 53689 53656 53588 53715 53566 53737 53576 53490 53850 54167 53766 53856 53887 53476

cores: 2
Hilo 0:73689 73457 73487 74574 73471 73382 73144 73541 74795 73975 72998 72969 73961 73342 73194 74488 74734 74053 73849 73469 74710 73698 73740 74534
Hilo 1:73335 74287 75159 73541 74409 73885 73421 74902 73861 74817 74195 74123 73838 73687 74314 73384 74072 74788 74487 73839 74618 75401 73952 73185

cores: 3
Hilo 0:94770 93630 93802 93804 93792 94092 93944 94152 93830 93809 93777 93797 93833 93812 93836 93786 93808 93789 93789 93792 93773 93798 93799 93751
Hilo 1:93682 94165 94167 94226 94585 94168 94185 93776 94133 94166 94135 94313 94303 94278 94242 94185 94150 94195 94111 94122 94178 94131 94144 91902
Hilo 2:94373 94462 94032 94013 94008 93956 93818 94025 94000 94026 93981 94014 94023 94011 94106 93985 94006 94009 94024 94001 94028 93997 94047 93292

cores: 4
Hilo 0:94448 94810 94614 94540 188220 94851 94802 186131 94466 184860 95662 94706 96083 94528 94561 94531 94550 94548 94530 94413 94454 94214 94308 87575
Hilo 1:94915 93834 93806 93765 93488 93496 184653 96530 93748 93796 185626 93768 94078 95463 93779 93795 170853 93745 93791 93761 93733 93767 93990 93745
Hilo 2:93690 94921 94325 94342 94371 94464 94390 94363 94432 95751 94396 94425 94391 94301 94615 94581 94561 94482 94419 94380 94385 94394 94431 94449
Hilo 3:94744 94375 94338 94407 188247 184611 188873 95748 94501 93793 94324 94371 94212 94419 94331 170939 94376 94352 94360 94379 94109 93995 91906 58851

VM results:
