i7-4770-NTB 8
VMs: 3

cores: 1
Hilo 0:59290 57997 58418 58303 58179 57274 57991 57310 56838 56464 57398 56623 57298 57137 58012 57468 58939 57379 58927 60315 58098 58308 58435 58361

cores: 2
Hilo 0:64727 66328 65200 63912 61921 63621 63470 66394 64303 64694 63624 63846 62921 64391 63213 63083 63921 63712 63887 66118 64361 65544 64272 62276
Hilo 1:64165 65888 64724 63410 62210 63088 62634 64381 62152 63845 63041 62121 62620 61989 61162 61145 62203 62875 62487 62865 64239 62304 64902 64077

cores: 3
Hilo 0:69731 69357 69337 70720 71137 70609 69475 69106 69525 68426 69340 71486 71051 68729 69829 70048 70716 70207 70349 71715 70903 69980 69803 68820
Hilo 1:70553 69538 70222 69747 69254 69293 69556 69032 69635 68152 69340 70362 70064 70851 70187 69864 70575 70077 69977 72160 70419 70037 70015 69049
Hilo 2:69993 69053 68721 69788 70834 69115 69240 69518 69490 69798 70172 70002 71412 70343 69569 70946 69453 70013 70239 71952 70977 69784 69927 69495

cores: 4
Hilo 0:74304 74724 75306 75159 74496 74439 75540 74646 74554 74858 74786 74987 75650 75105 75824 76367 76318 76285 75788 77247 76950 76111 76271 75506
Hilo 1:75370 75091 74145 74384 74805 74229 74468 75572 74396 75433 75071 75007 75044 75531 75816 75949 75971 75871 75897 77496 76969 76075 76263 76283
Hilo 2:74797 75585 74925 74667 75349 74794 74482 75023 74993 74895 75368 74788 74775 74926 76226 76042 76128 76025 76246 77143 77040 75911 75991 75760
Hilo 3:74690 74604 74759 74758 74562 74989 74465 74341 74719 75236 75498 74894 74475 74402 76042 76042 76236 76013 75990 77224 76822 76242 75691 76005

cores: 5
Hilo 0:79681 79514 80310 79260 79409 79585 79353 79457 79702 79172 79384 79609 79598 79601 79348 79536 79478 79669 79566 79715 80068 81446 79921 78839
Hilo 1:79482 79368 79209 79107 79156 79168 79216 79117 79062 79462 79124 79127 79457 79030 79435 79795 79128 79100 79241 79410 79309 79157 78809 79532
Hilo 2:79729 79529 79394 79370 79886 79360 79249 79444 79324 79422 79781 79324 79364 79280 79966 79549 79400 79517 79967 79534 79698 79413 80317 78682
Hilo 3:79877 79746 79278 79307 79231 79726 79824 79454 79335 79202 79394 79312 79223 79186 79607 79367 79230 79315 79548 79440 79669 79479 79314 79210
Hilo 4:80315 79847 79405 79995 79267 79417 79361 80288 79337 80242 79294 79337 79457 79429 79661 79285 79297 79251 79270 79406 79776 81354 79523 78685

cores: 6
Hilo 0:79768 79967 80549 80632 80528 79679 79477 80068 82189 91404 82173 80367 80526 80100 80639 98076 86507 82456 80599 86606 79752 79654 80187 70184
Hilo 1:79627 79484 79311 79285 79249 79601 79368 79404 79374 79272 79383 79900 79296 79347 79466 80028 79771 79568 80353 79567 79429 82650 79871 79455
Hilo 2:79406 79281 79311 79347 79405 79289 79680 79186 79342 79225 79275 79506 79874 79196 79585 79389 79318 79209 79371 80686 80151 79827 79307 79316
Hilo 3:79735 80482 79434 79349 79701 80178 80086 79487 80243 81253 79528 79458 79279 79859 79362 79466 79381 79927 81835 79439 79336 79697 83660 78902
Hilo 4:79469 79234 79311 79379 79201 79430 79243 79311 81074 93162 79278 79402 79092 79201 79505 91962 79189 84353 79252 79057 79236 79955 79133 80680
Hilo 5:79329 79375 79482 79332 79280 79664 80039 79707 79398 79373 81466 79572 79502 79297 79638 85785 92335 81263 80805 80697 86526 82725 83520 79270

cores: 7
Hilo 0:80424 79676 79731 79747 79795 118046 79888 79607 79826 79687 79795 82529 119831 79716 79391 79611 84746 79501 79356 79450 79463 79826 79513 70708
Hilo 1:79591 79489 79427 79342 79358 79373 79373 79467 79498 117556 81065 79598 81470 79498 79358 79316 79328 80089 82018 79828 81684 79457 79622 78945
Hilo 2:80569 81356 80543 83741 82712 82680 82119 80622 80247 80107 79988 79580 82386 82571 80341 79846 79833 79699 80100 79964 83441 80319 80128 81887
Hilo 3:80527 79716 79402 79264 79264 79404 79265 79264 79389 79373 81487 79536 80948 79295 79467 79583 79901 79491 79683 81704 81718 79625 79326 88904
Hilo 4:79327 79781 79309 79342 79421 79420 79311 79342 79420 79357 79506 79280 79784 79608 79311 79305 79326 80486 79208 79729 81358 79436 79389 95081
Hilo 5:79714 79789 79663 79701 80138 118561 80013 80153 115940 79474 80698 79708 119559 80066 79624 79516 85063 79668 80431 83109 80013 96220 82627 59269
Hilo 6:80279 79793 79202 79170 79233 79248 79249 79139 79327 79498 79240 80055 79431 81417 82930 79205 79676 79591 82359 79240 79208 80504 79295 79295

cores: 8
Hilo 0:79554 79764 79997 79699 79667 79698 79713 79701 79835 79866 126647 113275 79675 79713 79653 79622 79685 79632 79725 79872 79825 79701 79692 79818
Hilo 1:79196 79841 79872 79700 79854 83908 79698 79702 79897 79788 79803 79522 79485 79578 79705 79841 79575 79489 80012 79658 79498 79419 79436 79348
Hilo 2:79347 79608 79529 134847 79590 79682 79541 79476 108116 82736 101377 93854 79489 79606 79716 79558 79837 79918 79671 80262 79419 79349 83163 77331
Hilo 3:158877 80668 80541 105401 80259 80181 80501 80459 82767 81831 87656 92463 80485 80293 80605 83225 83399 80959 127296 158732 84687 77993 70005 60120
Hilo 4:158845 79482 79528 79401 79449 79432 79405 79476 79382 79523 79386 79470 79508 79457 79466 79466 79436 79527 79588 79482 79466 79529 79396 80845
Hilo 5:79304 79405 80340 134895 105198 79370 79296 79382 79305 79460 94106 84435 81450 79402 79341 79379 79280 79460 79445 127156 142872 96045 75038 67007
Hilo 6:79721 79732 80278 79434 79745 82598 80181 80124 109254 81410 158776 83531 81315 80058 80106 79809 98172 82340 79753 96580 84474 104632 78254 70640
Hilo 7:80441 80029 79295 79294 79136 80009 81226 79358 79211 79273 79273 81951 79235 79611 79240 79279 79263 82276 97800 79285 80745 79280 78827 79069

VM results:
