i5-660 4
VMs: 2

cores: 1
Hilo 0:75545 76203 75632 75134 74695 73606 76421 75232 75455 75429 75220 75118 74410 74557 74364 74711 75411 75505 75303 73698 75445 73649 74228 75559

cores: 2
Hilo 0:94270 93650 93606 93657 93576 93517 93606 93649 93582 93724 93700 93649 93696 93708 93718 93950 93678 93716 93652 93632 93585 94012 93673 93654
Hilo 1:93429 94481 94682 94445 94535 94664 94462 94244 94565 94512 94446 94400 94385 94129 94073 94291 94140 94348 94598 94307 94471 94088 94229 91259

cores: 3
Hilo 0:94579 93747 93978 93750 186411 93737 93801 93760 93764 93766 93828 94972 94050 93945 93950 93761 93770 93965 93782 93967 93779 93767 93800 93857
Hilo 1:94437 94132 94061 94236 94333 94177 94102 94232 94090 94111 94226 93659 94654 95533 94348 94280 94089 94647 94326 94152 94083 94153 94115 94123
Hilo 2:93943 93984 93715 93977 186418 94269 94210 93916 93972 93907 93977 94151 95113 94075 93755 93989 93949 93955 94012 93787 93915 93935 93926 93634

cores: 4
Hilo 0:94824 94874 94802 94888 94900 94816 95109 94748 163297 94802 94948 94859 94754 95025 94842 94889 94898 94847 94855 94829 94892 95023 94774 98010
Hilo 1:93859 93826 93838 93917 93878 93894 93997 93906 95926 93619 93783 139682 103822 93863 93846 108010 93878 93899 93910 93825 93785 93806 134621 93899
Hilo 2:94473 94442 94465 94395 94454 94594 94526 94785 94519 95545 94432 94502 94435 119780 94708 94694 94455 94457 94440 94447 94475 94448 94567 94723
Hilo 3:94320 94320 94288 94199 94294 94296 94309 94305 165637 95389 139970 94232 109724 94384 108438 94235 94298 94328 94282 94355 94286 134862 94187 78610

VM results:
