i5-660 4
VMs: 4

cores: 1
Hilo 0:93343 93312 93356 93684 93739 93676 93712 93642 93676 93672 93658 93643 93663 93692 94341 95628 93797 93759 93754 93711 93827 93656 93638 93646

cores: 2
Hilo 0:94331 94374 94904 97512 94776 95130 94556 94707 99889 95320 94490 94714 95047 94632 94553 94465 95016 95245 108963 94868 94643 94735 94598 94546
Hilo 1:94220 94013 93579 94028 96633 94428 94014 95816 94028 98675 93998 93863 94002 93786 93856 93830 93980 94099 93957 107930 93939 93977 93957 93987

cores: 3
Hilo 0:95208 94844 94882 94842 94825 94886 95175 95139 95193 95253 94953 94881 95296 95254 95342 95078 95136 94899 95091 97059 98127 95207 95207 94967
Hilo 1:93687 93611 93539 93551 93556 93551 93637 93594 93610 93578 93584 93636 93609 93625 93656 93515 93630 93563 93613 93985 93743 95285 93723 93686
Hilo 2:95585 95658 95334 95374 95287 95060 95077 94908 95074 94851 95014 95464 95223 94885 94937 95000 94913 94914 95257 94774 94785 94973 94900 95254

cores: 4
Hilo 0:94241 95179 94087 94277 94388 94212 189076 94296 187081 94228 94290 94366 187284 187372 187508 187352 187741 114679 94320 94267 146194 94304 93912 93943
Hilo 1:94991 95206 95042 95099 95108 94928 187117 95097 187157 95100 94942 95088 94862 94840 94861 94876 94840 94773 94830 94902 94913 94775 94950 94911
Hilo 2:94067 95118 94348 94150 94120 94070 95884 93626 94205 93724 93650 94119 94144 94207 187348 187393 187490 187374 187765 114457 94104 94084 146114 94003
Hilo 3:96023 95957 95942 95881 96330 96357 96052 96060 95912 95332 95529 96043 96295 96338 95108 94907 95147 95592 95166 95658 95635 95574 95477 95576

VM results:
