i5-660 4
VMs: 0

cores: 1
Hilo 0:54434 54500 52203 52048 52360 52504 52228 52951 52745 52487 52354 52431 52233 52262 52132 52246 51957 52190 51850 51784 51971 51878 51896 51826

cores: 2
Hilo 0:53953 53683 53683 53777 53929 53610 53742 53594 53511 53469 53831 53531 53518 53453 53618 53726 53667 53568 53603 53669 53636 53637 53486 53531
Hilo 1:53922 53685 53613 53785 53978 53604 53749 53604 53494 53453 53789 53524 53520 53436 53627 53685 53733 53536 53599 53632 53620 53774 53500 53519

cores: 3
Hilo 0:74993 74803 74598 74531 73674 74542 74078 76533 74119 74258 74844 76163 73820 75265 75788 75196 74254 75195 75186 74772 75442 75784 75090 71319
Hilo 1:74585 75132 75081 74233 73689 74423 73421 74589 74723 75449 74467 73946 74974 75074 74082 74714 75032 74761 74531 74864 74149 74098 73209 75670
Hilo 2:74281 74131 74501 75300 76634 75161 76002 73189 75318 76887 74932 73974 75049 73660 74282 73544 74986 74041 74962 74108 74635 74400 75123 73480

cores: 4
Hilo 0:93746 93828 93846 93901 93842 93872 93867 94385 94523 94123 94334 94599 93858 94079 93847 94484 94099 94435 94251 93849 94349 94352 93887 93847
Hilo 1:94633 94490 94782 94542 94557 94563 94488 93849 93858 94498 93986 93890 94456 93911 94449 93887 93896 94263 94489 94510 93894 93935 94459 92881
Hilo 2:94135 94135 94141 94181 94127 94089 94131 94507 94115 93887 94108 94237 94118 94462 94100 94118 94499 94135 94141 94079 94123 94090 94067 93615
Hilo 3:94661 94649 94566 94886 94644 94599 94577 94132 94445 94595 94805 94444 94608 94569 94665 94384 94588 94500 94646 94590 94553 94486 94621 89799

VM results:
