i7-4770-NTB 8
VMs: 4

cores: 1
Hilo 0:57237 59718 59666 58044 59563 56740 56467 56204 57873 56622 57161 56552 57967 58261 58239 58045 57200 57342 57685 58347 59516 57172 60988 59367

cores: 2
Hilo 0:65348 64892 65065 64914 64067 63835 64459 66612 63688 62926 63166 63224 63739 63589 62193 64078 64163 63732 66026 64182 63631 62797 64872 64268
Hilo 1:66536 66853 66052 66022 66181 64274 65247 64905 64728 63418 64219 63610 64075 62764 63422 65611 63204 63414 65940 64023 64835 65157 64917 65504

cores: 3
Hilo 0:74739 72102 70564 71484 70226 70847 70657 69700 69838 71025 69833 70373 70412 70153 70898 70676 71405 70437 70343 69758 70340 71078 69974 70395
Hilo 1:75161 73692 69956 70153 70543 69498 69322 70291 71166 69422 71598 70879 70954 70836 70725 71283 69955 71197 71658 71840 71392 70883 69985 69415
Hilo 2:75607 72723 68714 69812 70561 70603 69943 69438 70511 71444 70733 70231 69910 70008 69992 70230 71086 70727 69794 70562 71761 70784 70540 70814

cores: 4
Hilo 0:75867 76131 75641 74932 75429 75842 75107 75423 75680 75434 74554 75810 74732 75421 74826 75564 75430 76458 75611 74524 74872 75731 76281 75093
Hilo 1:75532 75243 74814 75405 75322 75910 75296 75048 75279 74790 76482 75065 75379 75481 75015 74965 75501 75586 75483 74668 75577 76105 76341 75066
Hilo 2:75780 76141 74951 75570 76004 74979 75430 75676 74987 75280 75564 75148 76017 75223 74495 75729 75453 76120 75646 74657 75965 76572 75836 74666
Hilo 3:75323 75663 75366 75667 74944 75433 74720 75390 74604 75660 75017 74881 76172 75477 75137 75779 75791 75718 75286 75131 74990 76112 75656 75193

cores: 5
Hilo 0:80065 79394 79249 79255 79338 79296 79245 79350 79370 80243 79267 79481 79226 79275 79265 79620 79315 79429 79499 79334 79310 79354 79768 79304
Hilo 1:79347 79447 79414 79319 79072 79324 79347 79343 79410 79424 79360 79311 79218 79800 79385 79457 79402 79319 79301 79540 80214 79519 79346 79335
Hilo 2:79389 79450 79516 79222 79253 79454 79229 79406 79577 79652 79485 79496 79212 79374 79551 79520 79435 79319 79449 80369 79373 79445 79690 79263
Hilo 3:79420 79410 79246 79333 79420 80228 80015 79281 79367 79802 79641 79434 79334 79480 79611 79236 79325 80018 79307 79426 79299 79435 79362 79116
Hilo 4:79436 80464 80299 80424 79388 79617 79575 80559 80074 79596 81503 80807 79779 79985 79314 79488 79982 79672 79985 79755 80003 80280 79738 76923

cores: 6
Hilo 0:80649 79532 79549 79931 79349 79747 79468 80125 79829 79350 79628 79371 79641 79472 79521 79579 79224 79410 81833 79368 79346 79563 79299 79005
Hilo 1:79313 79604 79434 79545 79540 79419 79347 79503 79704 79486 79378 79307 79409 79518 79914 79545 79634 80357 79313 79268 79521 79715 79337 79571
Hilo 2:79578 79401 79392 79417 79680 79777 79957 79900 79886 80325 80470 79209 79569 80564 79729 79520 79901 79551 79601 79603 79637 79350 79442 79469
Hilo 3:79543 80152 80860 79415 79430 79419 79550 79595 79193 79280 79737 79385 79471 80424 79962 79462 79616 79692 79136 79226 79336 79308 79786 79342
Hilo 4:79321 79409 79783 79573 79662 79341 79668 79603 79327 79346 79456 79481 79921 79550 79463 79315 79291 79353 79505 81696 80468 80422 79367 79185
Hilo 5:79458 79551 79690 79671 79564 79544 79418 79438 79766 79561 79487 80694 79675 79518 79541 79287 79359 79374 79604 79507 79300 79421 79520 79307

cores: 7
Hilo 0:87477 83245 79763 80915 86109 79810 79904 79719 79737 79575 79497 79529 79607 79532 79436 79404 79807 79521 79906 84756 83492 79915 79567 78545
Hilo 1:79268 80534 80465 80025 79745 79420 79794 80793 79568 79810 79964 80652 80200 89455 80604 80325 79885 80940 80184 79689 81931 79511 82177 79714
Hilo 2:86934 79980 79904 79510 79417 79732 79420 79561 82235 79748 82972 79451 79514 79671 79733 79686 79685 79767 82960 79610 79679 81325 79650 79689
Hilo 3:79618 79638 83086 79230 79308 79123 79202 79202 84700 79389 79963 82587 79201 88219 79157 79280 79264 79206 79323 86743 79396 81062 84279 78279
Hilo 4:79753 79331 79592 85657 82943 79779 79669 79701 79287 80278 79745 79576 79795 79428 79742 79654 80481 79689 79711 85996 80070 83275 80804 79081
Hilo 5:80017 80485 81479 85953 79277 80200 79389 84449 79359 79306 79345 79280 79373 79229 79333 79420 80699 79518 79726 79678 78464 79530 79479 79622
Hilo 6:79380 79359 79545 81258 79277 82961 79514 79435 80176 82306 79371 79467 79420 79380 79478 79514 79654 79346 80444 82768 79856 80430 79354 79369

cores: 8
Hilo 0:79639 79639 79576 79915 80115 79660 79898 103996 79659 79824 79839 79699 79917 79777 79868 110677 79615 79966 79872 79810 79747 79795 79841 77548
Hilo 1:144117 79584 79831 79740 79715 79856 79607 79452 79583 79762 79902 79886 79979 80788 79903 79597 79899 79779 79731 79857 79950 79919 79889 76138
Hilo 2:79280 80556 81093 92388 80490 81568 80176 80254 80421 80232 80651 91242 80339 81037 80308 80362 80663 80605 80496 80871 80559 80153 80871 80056
Hilo 3:79561 79623 79758 79780 79788 79652 79718 79653 79736 79836 79820 79714 79746 79706 79642 79653 79650 79724 79747 79607 79856 79779 79654 79795
Hilo 4:144254 85499 79409 91484 79293 79438 79257 89350 83640 79341 79496 79371 79345 79270 83288 79369 79349 79358 79528 79467 79326 79389 79382 68599
Hilo 5:79576 79358 82123 79677 79756 79521 79725 79820 79586 79403 79753 81976 79777 79660 79688 110744 81885 79826 79763 79825 79934 79810 79748 79667
Hilo 6:80496 85686 79329 79901 79445 80203 79449 79244 79294 83305 79325 79090 79340 79452 79350 79420 83762 79480 79404 79435 79373 79451 79311 79353
Hilo 7:79467 79499 79554 79609 79460 79456 79509 114429 79469 79641 79652 79652 79605 79535 79626 79408 79518 79509 79731 79498 79544 79467 79545 79581

VM results:
