i7-2600 8
VMs: 3

cores: 1
Hilo 0:53062 53340 52188 51844 51782 51781 51750 51781 51780 51794 51731 51794 51794 51779 51792 51731 51777 51808 51824 51761 51855 51840 51839 51777

cores: 2
Hilo 0:53134 53274 53353 53414 53384 53165 53321 53243 53275 53399 53165 53212 53227 53790 53555 53274 53165 53259 53306 53305 53212 53274 53399 53322
Hilo 1:53118 53353 53446 53477 53274 53118 53322 53336 53181 53399 53134 53119 53274 53773 53446 53275 53165 53290 53227 53353 53149 53306 53446 53290

cores: 3
Hilo 0:59670 59343 60216 60716 60606 59827 60201 57580 57455 58563 57705 60185 59062 58828 60092 59998 58562 58641 58438 60560 58438 58531 57736 58469
Hilo 1:59701 59905 60747 60310 59779 60014 61074 58267 57985 58859 58688 60263 59686 59795 61496 59982 59515 59140 60200 60466 59031 57565 57985 57642
Hilo 2:60996 61309 60793 61543 60746 61496 60326 57564 58220 58718 58563 61028 59810 60856 62385 60497 59390 60310 60248 60700 58812 58251 57736 56316

cores: 4
Hilo 0:60529 60528 60700 60310 61090 60372 61543 60575 60123 60060 59608 60154 60279 59780 59810 59577 60825 60263 59717 60575 59998 60388 60825 60248
Hilo 1:62713 61963 63352 62073 62338 61933 63086 63087 61964 61792 61854 62728 61855 61698 61714 62338 62837 61964 62868 62775 62775 62416 63305 58844
Hilo 2:61933 62665 62416 61605 62135 61933 62993 62400 61324 61590 61714 62135 61183 61122 62213 61948 62603 61886 62665 61574 61823 62151 62884 60388
Hilo 3:62728 62011 62369 61542 62338 62557 63929 61761 62291 61808 62213 61714 61605 62696 61012 61387 62057 61402 63524 61620 62884 61074 62479 60778

cores: 5
Hilo 0:68266 69295 69920 68999 69624 69982 68500 72025 69390 70294 69639 69872 68391 70107 70060 68017 69451 69592 70684 70466 71480 67720 69482 62245
Hilo 1:70029 72197 69405 70107 69810 69280 69920 70356 72307 70029 69857 68328 69530 68484 70357 70855 68797 70325 69311 69873 70045 70372 66550 63243
Hilo 2:70699 70513 70606 70793 69218 72244 70481 70544 71230 68812 69498 69748 69577 72276 69607 70809 70684 70809 70341 70746 69998 69795 68234 61028
Hilo 3:71870 69795 70996 69514 70528 71682 71308 69483 69311 71386 71948 71480 73195 69982 71589 72509 72666 72150 69889 71635 70934 70700 65692 59077
Hilo 4:67642 64881 65426 66691 67361 66223 67751 66378 66753 65630 66908 66769 66612 66940 68812 65880 65364 65598 65646 67236 65333 65271 67783 66347

cores: 6
Hilo 0:76597 78762 77989 78707 77130 79276 79255 77805 77571 76194 77005 75491 79469 76536 76441 78329 80186 78390 77829 76955 79904 78110 79654 73305
Hilo 1:78172 76828 76226 75555 77536 78606 78428 76292 76525 77989 78736 77738 77207 76224 76815 76489 75599 78375 77704 75645 76206 78672 77969 76596
Hilo 2:76612 80011 77942 77880 78223 79073 77508 80488 78101 77333 78377 77832 79641 79109 78657 77237 76940 77455 78000 78297 75817 74942 77627 70855
Hilo 3:78016 77406 77052 77365 80095 76515 76244 75995 78694 77177 76381 77785 76380 79297 76940 78049 76223 74335 77688 77002 77330 78827 78937 75192
Hilo 4:78219 77967 75602 76974 73916 75611 76385 77851 76978 78660 76708 78003 75055 76457 76644 78532 78407 79155 77720 75941 77580 76440 76113 78344
Hilo 5:76550 75189 79502 79565 77443 76374 76853 77461 76370 77458 77832 77628 77207 77534 77237 77596 74414 78078 77330 79529 75520 78906 75473 76347

cores: 7
Hilo 0:85488 86456 84724 85973 86642 84101 86019 87844 85129 84865 84911 85692 86659 85145 85270 85364 86908 87470 86924 87314 85129 85072 85010 84200
Hilo 1:86268 85302 84880 86815 85769 86268 86909 85036 87688 86440 88858 85270 84725 86455 84132 85301 86159 85488 87626 85052 88468 86679 85603 81376
Hilo 2:84989 85894 85629 83695 86393 87330 84895 85754 85769 83960 84428 86674 86721 85379 85364 86284 85021 86580 86378 84584 85644 85882 86587 84964
Hilo 3:86908 84724 88531 84927 85192 84927 84662 85675 82884 86206 83414 85316 85926 86580 86503 85551 85691 83008 84350 83554 85208 86443 84075 86493
Hilo 4:84240 87470 85551 85754 86861 85036 86362 83867 86018 86425 86503 86861 84443 85473 86238 86346 86955 86549 86019 86363 85784 86398 87554 83638
Hilo 5:85379 87751 85987 87158 86097 84911 86815 86003 86831 86892 84927 85582 86175 84943 86440 87392 83850 85676 85426 86518 84085 86366 85494 81688
Hilo 6:88905 86549 85130 85925 83804 87423 84474 86924 86612 86331 86019 85988 86299 86674 84818 85489 85941 85831 84288 86518 86503 85430 86602 82406

cores: 8
Hilo 0:94714 93853 93852 93931 93976 93866 95068 93913 93898 93648 93663 93819 93850 95051 95286 93990 93742 93683 94290 94322 95553 93868 95131 91106
Hilo 1:93669 94274 94227 94757 94257 94787 94428 94460 94552 94226 94755 94287 94708 94771 94287 94926 94413 94759 97566 94087 95693 94289 94741 87190
Hilo 2:93747 94991 95023 95038 94943 95224 93851 95098 94865 95099 94974 95004 95098 95099 94848 95176 94710 94166 98269 95039 93899 94975 95038 84631
Hilo 3:94995 95709 95771 95772 95738 95474 95847 95832 95848 95426 95754 95738 95800 95348 94256 95800 96722 95477 93822 95024 93836 95724 94383 79967
Hilo 4:93950 93775 93774 93759 93773 93757 94069 93742 93835 93742 93757 93850 93757 93741 93756 93850 93805 95257 93433 93791 95507 94148 93727 92557
Hilo 5:93841 93884 93931 93790 93866 93804 93851 93882 93757 93882 94007 93834 93897 93741 94007 94099 95146 94057 95694 94478 93790 93821 93805 91995
Hilo 6:95759 93697 93665 93650 93617 93617 94974 93648 93679 93898 93850 93788 93616 93460 93897 93897 94085 93698 93916 93620 93447 93633 93649 92666
Hilo 7:93341 93385 93369 93400 93352 93351 93383 93367 93368 93398 93383 93397 93383 93366 93382 93461 93429 93869 93386 93355 93572 93352 93384 93384

VM results:
