i7-2600 8
VMs: 4

cores: 1
Hilo 0:57678 56897 56245 57031 56536 56393 55778 56251 56424 55810 55938 55552 55708 56065 55905 56265 56409 55963 55880 56077 56383 56546 56316 56172

cores: 2
Hilo 0:59702 60628 58879 59021 59174 60067 59087 59093 58443 58097 59318 58551 57717 60588 58989 58449 58181 59623 59704 59090 59495 58025 57663 57590
Hilo 1:58812 58774 58543 58562 58487 59633 59274 58500 57905 57639 58887 57964 57873 60776 59181 58314 58141 59840 59179 59355 59807 58515 57633 57927

cores: 3
Hilo 0:65830 67200 65610 65424 65920 65754 66815 66785 65489 67279 67397 66286 67462 66838 67737 66790 66647 67832 68018 68016 66822 66870 66244 65719
Hilo 1:66900 64835 66688 66350 65453 66729 66510 66561 65881 67385 66984 66999 66064 65443 65787 67190 66511 67347 66830 66484 66026 65844 66893 66380
Hilo 2:66029 64345 66008 66519 65954 66798 66117 66811 66733 67040 67058 67202 66958 66447 66673 67460 66361 67145 68035 67766 66515 67201 66573 65612

cores: 4
Hilo 0:76277 76795 75118 76459 76664 75216 74649 76448 75389 76735 75017 76013 74652 75918 75991 75592 75330 75505 75890 77698 74852 75753 74913 76016
Hilo 1:75411 75850 76950 76703 74198 76138 77649 77962 75317 75663 75812 76210 75437 75964 76455 76874 76090 76819 75570 75181 76167 76161 77170 73433
Hilo 2:76283 75235 75925 75544 76113 74693 74918 75108 75215 75429 76021 75274 74970 76429 76230 76364 76363 75652 73713 75770 75618 76276 75765 75606
Hilo 3:75889 76575 75623 74620 75459 75961 75402 76946 77532 75115 76163 74683 74468 77015 75075 77015 76052 74684 76627 76266 76381 74930 76902 75195

cores: 5
Hilo 0:83971 84523 84248 85010 83173 84640 83575 84406 84404 84682 84636 85252 84020 85523 85185 85215 84684 84800 84767 85582 84025 84040 84900 84642
Hilo 1:85903 83312 84723 84569 85294 85900 85354 86078 85079 85439 84170 85293 85901 85683 84931 83918 85312 84109 83387 82650 84015 84200 84856 83177
Hilo 2:85428 84534 85646 84448 86374 83673 85518 84630 85789 85427 85015 85206 85004 84935 85305 86263 84696 85270 83622 85907 85350 85450 84870 80939
Hilo 3:85323 85848 83570 84269 83789 83110 85917 85626 84433 85057 85706 84357 85553 86368 85589 83478 84134 84727 85369 84812 84130 84773 85424 83684
Hilo 4:83561 84727 84001 85248 84443 85877 85315 83884 85210 83934 84339 83791 84682 84981 86400 85058 83673 85476 85040 83547 86093 83592 83585 84855

cores: 6
Hilo 0:93740 93297 93612 93533 93499 93716 94298 93438 93234 94421 94415 93694 93263 95550 93939 94961 93396 93599 93865 93264 93822 93495 93351 93337
Hilo 1:94145 93649 93855 94040 94097 93837 93623 93592 94235 95267 95198 95089 93800 94338 93728 93377 93762 93411 94193 94015 93994 93485 93729 94179
Hilo 2:93630 94672 95338 94655 94656 94329 94261 93808 94050 94172 96153 93987 94975 93571 93760 94665 95484 94389 94699 93457 93556 93604 95012 90787
Hilo 3:94905 95234 93681 94117 94820 93913 94460 93577 94905 95892 94321 93552 93834 93739 93758 93725 94198 93661 93636 94063 94116 94810 95154 92075
Hilo 4:93645 94385 94015 93948 93687 93508 93988 93828 93969 94784 93310 94809 94116 93648 94033 93854 93854 96021 94179 93969 94731 93873 94088 93274
Hilo 5:93739 93948 93596 94007 93957 94704 93557 94811 93865 93629 93821 93674 94182 93707 94602 93674 93973 93548 94396 94446 94192 94864 93792 93242

cores: 7
Hilo 0:94606 94017 95595 95082 94218 94080 94912 93776 94933 94191 93785 93744 93764 94243 94463 93656 93943 93680 94772 98711 93926 93563 93787 95819
Hilo 1:93654 94515 93778 96672 93975 93688 93670 94311 93710 94602 94073 94774 94122 94640 94581 93687 93725 94413 94512 93620 93458 93688 99856 95259
Hilo 2:94074 93352 93891 93767 95145 94026 93347 94778 94236 93492 94161 93391 93421 93298 93321 93372 93366 93645 93649 94250 93645 93603 95666 98435
Hilo 3:94512 93943 94543 94299 93976 93985 93689 93989 93806 95765 93734 94604 94201 93627 93776 93727 94240 103997 93699 95238 94831 93610 96517 93798
Hilo 4:95134 93706 94012 93832 94828 94603 94317 95836 93706 93544 94786 93681 94794 94112 94268 94511 94551 103105 94232 94444 94315 95030 94115 95949
Hilo 5:93932 95665 94720 93797 93376 94705 94060 93806 95006 93756 96384 95818 95433 95625 93866 94026 94723 94877 99027 94492 94175 94296 100277 90915
Hilo 6:94494 94647 93857 94179 94761 96153 95952 94578 95839 94469 93989 93728 94809 94293 95918 95833 95815 94096 94477 94144 94503 96059 96642 92802

cores: 8
Hilo 0:101184 93661 93630 93684 93690 93740 93696 93663 98828 93560 93746 93694 93806 93647 102257 99147 94490 93720 93773 93736 93704 100080 93594 93780
Hilo 1:94252 95011 93911 93941 93948 93874 93811 93834 93940 96545 94060 93929 94068 93834 93813 95361 93741 94380 94110 94003 94013 93889 93848 93807
Hilo 2:93664 93718 94894 96269 94147 95237 93665 93694 93826 93757 93741 94672 93713 93678 93758 93840 142257 94022 93894 93877 93782 129548 93771 80245
Hilo 3:95817 93405 93475 94845 93433 93409 93449 103195 106599 98378 99513 97305 97283 93491 93392 93785 93616 93478 93594 93642 93549 93418 93713 93255
Hilo 4:107412 95404 94636 94560 105082 97561 96754 95862 98589 125327 96745 97421 96147 106812 96336 141929 96621 120466 95993 136365 118965 97290 61911 57451
Hilo 5:106716 94960 94411 94967 94388 94535 94943 94412 94990 94419 94831 100507 94489 94798 94536 94935 94520 95166 94730 94518 94981 94417 94843 93505
Hilo 6:93744 95251 95081 95064 95196 95175 95053 95207 95013 94926 95140 95136 95210 95925 94908 95202 95347 95335 95309 95091 95329 94963 94939 95228
Hilo 7:93824 95827 95861 96717 95930 104504 98516 111712 95824 126360 99370 96011 94747 95932 98299 99125 96377 97479 120841 96117 96023 120931 94305 59868

VM results:
